      -2.1  -0.997021  -0.997021   -0.99702    -4.6261    -4.6261    -4.6261
    -1.975  -0.994779  -0.994779  -0.994779    20.4853    20.4853    20.4853
     -1.85  -0.991111  -0.991111  -0.991111    3.95566    3.95566    3.95566
    -1.725  -0.985293  -0.985293  -0.985293    2.62152    2.62152    2.62152
      -1.6  -0.976348  -0.976348  -0.976348    2.31058    2.31058    2.31058
    -1.475  -0.963018  -0.963018  -0.963018    2.41225    2.41225    2.41225
     -1.35  -0.943762  -0.943762  -0.943762    2.93078    2.93078    2.93078
    -1.225    -0.9168    -0.9168    -0.9168    4.33027    4.33027    4.33027
      -1.1  -0.880205  -0.880205  -0.880205    9.71481    9.71481    9.71481
    -0.975  -0.832062  -0.832062  -0.832061   -40.4584   -40.4584   -40.4584
     -0.85  -0.770668  -0.770668  -0.770668   -7.31797   -7.31797   -7.31797
    -0.725  -0.694781  -0.694781  -0.694781   -4.52212   -4.52212   -4.52212
      -0.6  -0.603856  -0.603856  -0.603856   -3.69693   -3.69693   -3.69693
    -0.475  -0.498258  -0.498258  -0.498258   -3.55807   -3.55807   -3.55807
     -0.35  -0.379382  -0.379382  -0.379382   -3.95656   -3.95656   -3.95656
    -0.225  -0.249665  -0.249665  -0.249665   -5.30458   -5.30458   -5.30458
      -0.1  -0.112463  -0.112463  -0.112463   -10.6863   -10.6863   -10.6863
     0.025  0.0282036  0.0282036  0.0282037     39.447     39.447     39.447
      0.15   0.167996   0.167996   0.167996    6.22027    6.22027    6.22027
     0.275   0.302656   0.302656   0.302656    3.27854    3.27854    3.27854
       0.4   0.428392   0.428392   0.428392    2.21816    2.21816    2.21816
     0.525   0.542193   0.542193   0.542193    1.69008    1.69008    1.69008
      0.65   0.642029   0.642029   0.642029     1.3848     1.3848     1.3848
     0.775   0.726928   0.726928   0.726928    1.19353    1.19353    1.19353
       0.9   0.796908   0.796908   0.796908    1.06863    1.06863    1.06863
     1.025   0.852821   0.852821   0.852821   0.986174   0.986174   0.986174
      1.15   0.896124   0.896124   0.896124   0.933041   0.933041   0.933041
     1.275   0.928631   0.928631   0.928631   0.901597   0.901597   0.901597
       1.4   0.952285   0.952285   0.952285   0.887264   0.887264   0.887264
     1.525   0.968969   0.968969   0.968969   0.887293   0.887293   0.887293
      1.65   0.980376   0.980376   0.980376   0.900117   0.900117   0.900117
     1.775   0.987935   0.987935   0.987935   0.924986   0.924986   0.924986
       1.9    0.99279    0.99279    0.99279   0.961766   0.961766   0.961766
     2.025   0.995814   0.995814   0.995814    1.01083    1.01083    1.01083
      2.15   0.997639   0.997639   0.997638      1.073      1.073      1.073
     2.275   0.998706   0.998706   0.998706    1.14954    1.14954    1.14954
       2.4   0.999311   0.999311   0.999311    1.24217    1.24217    1.24217
     2.525   0.999644   0.999644   0.999644    1.35312    1.35312    1.35312
      2.65   0.999822   0.999822   0.999821    1.48519    1.48519    1.48519
     2.775   0.999913   0.999913   0.999913    1.64185    1.64185    1.64185
       2.9   0.999959   0.999959   0.999959    1.82736    1.82736    1.82736
     3.025   0.999981   0.999981   0.999981    2.04693    2.04693    2.04693
      3.15   0.999992   0.999992   0.999992    2.30694    2.30694    2.30694
     3.275   0.999996   0.999996   0.999996     2.6152     2.6152     2.6152
       3.4   0.999998   0.999998   0.999998    2.98121    2.98121    2.98121
     3.525   0.999999   0.999999   0.999999    3.41663    3.41663    3.41663
      3.65          1          1          1    3.93576    3.93576    3.93576
     3.775          1          1          1    4.55613    4.55613    4.55613
       3.9          1          1          1    5.29933    5.29933    5.29933
     4.025          1          1          1    6.19196    6.19196    6.19196
      4.15          1          1          1    7.26687    7.26687    7.26687
