0	1	1	0	0	-0.0994446	-1.47822e-05
0.011	0.998868	0.999939	0.0109938	0.0109998	-0.106362	-0.0110127
0.022	0.99766	0.999758	0.0219748	0.0219982	-0.113279	-0.0220094
0.033	0.996376	0.999455	0.0329421	0.032994	-0.120196	-0.0330036
0.044	0.995016	0.999032	0.0438948	0.0439858	-0.127114	-0.043994
0.055	0.993579	0.998487	0.0548322	0.0549723	-0.134031	-0.0549792
0.066	0.992067	0.997822	0.0657533	0.0659521	-0.140948	-0.0659578
0.077	0.990479	0.997036	0.0766573	0.0769239	-0.147866	-0.0769286
0.088	0.988814	0.99613	0.0875435	0.0878864	-0.154783	-0.0878901
0.099	0.987073	0.995103	0.098411	0.0988383	-0.1617	-0.0988412
0.11	0.985257	0.993955	0.109259	0.109778	-0.168617	-0.10978
0.121	0.983364	0.992688	0.120086	0.120705	-0.175535	-0.120706
0.132	0.981395	0.9913	0.130893	0.131617	-0.182452	-0.131618
0.143	0.97935	0.989792	0.141677	0.142513	-0.189369	-0.142513
0.154	0.977229	0.988165	0.152438	0.153392	-0.196286	-0.153392
0.165	0.975032	0.986418	0.163176	0.164252	-0.203204	-0.164252
0.176	0.972758	0.984551	0.173888	0.175093	-0.210121	-0.175092
0.187	0.970409	0.982566	0.184576	0.185912	-0.217038	-0.185911
0.198	0.967983	0.980461	0.195237	0.196709	-0.223955	-0.196707
0.209	0.965482	0.978238	0.205871	0.207482	-0.230873	-0.20748
0.22	0.962904	0.975897	0.216477	0.218229	-0.23779	-0.218227
0.231	0.96025	0.973437	0.227055	0.228951	-0.244707	-0.228949
0.242	0.957521	0.97086	0.237603	0.239645	-0.251625	-0.239642
0.253	0.954715	0.968165	0.24812	0.250309	-0.258542	-0.250307
0.264	0.951833	0.965353	0.258606	0.260944	-0.265459	-0.260941
0.275	0.948875	0.962425	0.26906	0.271547	-0.272376	-0.271544
0.286	0.94584	0.959379	0.279481	0.282117	-0.279294	-0.282114
0.297	0.94273	0.956218	0.289868	0.292653	-0.286211	-0.29265
0.308	0.939544	0.952941	0.300221	0.303153	-0.293128	-0.303151
0.319	0.936281	0.949549	0.310538	0.313617	-0.300045	-0.313614
0.33	0.932943	0.946042	0.320819	0.324043	-0.306963	-0.32404
0.341	0.929528	0.94242	0.331062	0.334429	-0.31388	-0.334427
0.352	0.926037	0.938685	0.341268	0.344776	-0.320797	-0.344773
0.363	0.922471	0.934835	0.351435	0.35508	-0.327714	-0.355078
0.374	0.918828	0.930873	0.361562	0.365342	-0.334632	-0.365339
0.385	0.915109	0.926798	0.371649	0.375559	-0.341549	-0.375557
0.396	0.911314	0.922611	0.381694	0.385731	-0.348466	-0.385729
0.407	0.907442	0.918312	0.391698	0.395856	-0.355384	-0.395854
0.418	0.903495	0.913902	0.401658	0.405933	-0.362301	-0.405931
0.429	0.899472	0.909382	0.411574	0.415961	-0.369218	-0.41596
0.44	0.895372	0.904751	0.421446	0.425939	-0.376135	-0.425937
0.451	0.891197	0.900012	0.431272	0.435866	-0.383053	-0.435864
0.462	0.886945	0.895163	0.441052	0.445739	-0.38997	-0.445738
0.473	0.882618	0.890205	0.450785	0.455559	-0.396887	-0.455557
0.484	0.878214	0.885141	0.460469	0.465323	-0.403804	-0.465322
0.495	0.873734	0.879969	0.470105	0.475031	-0.410722	-0.47503
0.506	0.869178	0.87469	0.479691	0.484682	-0.417639	-0.484681
0.517	0.864546	0.869306	0.489227	0.494274	-0.424556	-0.494273
0.528	0.859838	0.863816	0.498711	0.503806	-0.431473	-0.503805
0.539	0.855053	0.858222	0.508143	0.513278	-0.438391	-0.513277
0.55	0.850193	0.852524	0.517522	0.522687	-0.445308	-0.522686
0.561	0.845257	0.846723	0.526847	0.532033	-0.452225	-0.532032
0.572	0.840244	0.84082	0.536117	0.541315	-0.459143	-0.541314
0.583	0.835152	0.834815	0.545332	0.550531	-0.46756	-0.55053
0.594	0.829949	0.828709	0.55449	0.55968	-0.478549	-0.55968
0.605	0.824624	0.822502	0.56359	0.568762	-0.489538	-0.568761
0.616	0.819179	0.816196	0.572631	0.577775	-0.500527	-0.577774
0.627	0.813613	0.809791	0.581612	0.586718	-0.511516	-0.586717
0.638	0.807926	0.803289	0.59053	0.59559	-0.522505	-0.59559
0.649	0.802118	0.796689	0.599386	0.60439	-0.533494	-0.60439
0.66	0.796189	0.789992	0.608176	0.613117	-0.544483	-0.613116
0.671	0.790139	0.7832	0.616901	0.621769	-0.555471	-0.621769
0.682	0.783968	0.776314	0.625559	0.630347	-0.56646	-0.630347
0.693	0.777677	0.769333	0.634148	0.638848	-0.577449	-0.638848
0.704	0.771265	0.762259	0.642668	0.647272	-0.588438	-0.647272
0.715	0.764731	0.755093	0.651116	0.655617	-0.599427	-0.655617
0.726	0.758077	0.747836	0.659491	0.663883	-0.610416	-0.663884
0.737	0.751302	0.740488	0.667793	0.672069	-0.621405	-0.672069
0.748	0.744406	0.733051	0.676019	0.680174	-0.632394	-0.680174
0.759	0.737389	0.725525	0.684169	0.688196	-0.643383	-0.688196
0.77	0.730252	0.717911	0.692242	0.696135	-0.654372	-0.696135
0.781	0.722993	0.71021	0.700234	0.70399	-0.665361	-0.70399
0.792	0.715614	0.702423	0.708147	0.711759	-0.67635	-0.71176
0.803	0.708114	0.694552	0.715978	0.719443	-0.687339	-0.719443
0.814	0.700492	0.686596	0.723725	0.727039	-0.698328	-0.727039
0.825	0.69275	0.678557	0.731388	0.734548	-0.709317	-0.734548
0.836	0.684887	0.670436	0.738965	0.741967	-0.720306	-0.741967
0.847	0.676904	0.662234	0.746455	0.749297	-0.731295	-0.749297
0.858	0.668799	0.653952	0.753856	0.756536	-0.742284	-0.756536
0.869	0.660573	0.645591	0.761168	0.763683	-0.753273	-0.763684
0.88	0.652227	0.637151	0.768389	0.770739	-0.764261	-0.770739
0.891	0.64376	0.628635	0.775517	0.777701	-0.77525	-0.777701
0.902	0.635171	0.620042	0.782551	0.784568	-0.786239	-0.784569
0.913	0.626462	0.611375	0.78949	0.791341	-0.797228	-0.791342
0.924	0.617632	0.602633	0.796333	0.798018	-0.808217	-0.798019
0.935	0.608682	0.593818	0.803077	0.804599	-0.819206	-0.804599
0.946	0.59961	0.584932	0.809723	0.811082	-0.830195	-0.811082
0.957	0.590417	0.575975	0.816268	0.817467	-0.841184	-0.817468
0.968	0.581104	0.566948	0.822712	0.823753	-0.852173	-0.823754
0.979	0.571669	0.557853	0.829052	0.82994	-0.863162	-0.82994
0.99	0.562114	0.54869	0.835288	0.836026	-0.874151	-0.836026
1.001	0.552438	0.539461	0.841418	0.842011	-0.88514	-0.842011
1.012	0.542641	0.530166	0.847441	0.847894	-0.896129	-0.847894
1.023	0.532723	0.520807	0.853356	0.853674	-0.907118	-0.853674
1.034	0.522685	0.511386	0.859161	0.859351	-0.918107	-0.859352
1.045	0.512525	0.501902	0.864855	0.864924	-0.929096	-0.864925
1.056	0.502244	0.492358	0.870436	0.870393	-0.940085	-0.870393
1.067	0.491843	0.482754	0.875904	0.875756	-0.951074	-0.875756
1.078	0.481321	0.473091	0.881256	0.881013	-0.962062	-0.881014
1.089	0.470678	0.463372	0.886492	0.886164	-0.973051	-0.886164
1.1	0.459914	0.453596	0.891611	0.891207	-0.98404	-0.891207
1.111	0.449029	0.443766	0.89661	0.896143	-0.995029	-0.896143
1.122	0.438023	0.433881	0.901489	0.90097	-1.00602	-0.90097
1.133	0.426896	0.423945	0.906246	0.905688	-1.01701	-0.905688
1.144	0.415649	0.413957	0.91088	0.910296	-1.028	-0.910297
1.155	0.404281	0.403919	0.91539	0.914795	-1.03899	-0.914795
1.166	0.392831	0.393832	0.919774	0.919182	-1.0401	-0.919183
1.177	0.381403	0.383697	0.924032	0.923459	-1.0377	-0.923459
1.188	0.370002	0.373516	0.928165	0.927624	-1.0353	-0.927624
1.199	0.358627	0.36329	0.932172	0.931676	-1.03289	-0.931676
1.21	0.347278	0.353019	0.936055	0.935616	-1.03049	-0.935616
1.221	0.335956	0.342706	0.939813	0.939442	-1.02808	-0.939443
1.232	0.32466	0.332352	0.943446	0.943155	-1.02568	-0.943155
1.243	0.313391	0.321957	0.946955	0.946754	-1.02327	-0.946754
1.254	0.302149	0.311524	0.950341	0.950238	-1.02087	-0.950238
1.265	0.290932	0.301053	0.953602	0.953607	-1.01846	-0.953608
1.276	0.279742	0.290545	0.956741	0.956861	-1.01606	-0.956861
1.287	0.268579	0.280002	0.959757	0.959999	-1.01365	-0.959999
1.298	0.257442	0.269425	0.96265	0.963021	-1.01125	-0.963021
1.309	0.246332	0.258816	0.965421	0.965926	-1.00884	-0.965927
1.32	0.235248	0.248175	0.968069	0.968715	-1.00644	-0.968715
1.331	0.22419	0.237505	0.970596	0.971386	-1.00403	-0.971386
1.342	0.213159	0.226805	0.973002	0.97394	-1.00163	-0.97394
1.353	0.202154	0.216079	0.975286	0.976376	-0.999222	-0.976376
1.364	0.191176	0.205326	0.977449	0.978693	-0.996817	-0.978694
1.375	0.180224	0.194548	0.979492	0.980893	-0.994412	-0.980893
1.386	0.169299	0.183746	0.981414	0.982973	-0.992007	-0.982974
1.397	0.1584	0.172923	0.983217	0.984935	-0.989603	-0.984935
1.408	0.147528	0.162078	0.984899	0.986778	-0.987198	-0.986778
1.419	0.136682	0.151214	0.986462	0.988501	-0.984793	-0.988501
1.43	0.125862	0.140332	0.987906	0.990104	-0.982388	-0.990105
1.441	0.115069	0.129432	0.989231	0.991588	-0.979983	-0.991588
1.452	0.104303	0.118517	0.990438	0.992952	-0.977578	-0.992952
1.463	0.0935624	0.107588	0.991526	0.994195	-0.975173	-0.994196
1.474	0.0828487	0.0966452	0.992496	0.995319	-0.972768	-0.995319
1.485	0.0721615	0.0856911	0.993349	0.996322	-0.970364	-0.996322
1.496	0.0615007	0.0747266	0.994084	0.997204	-0.967959	-0.997204
1.507	0.0508664	0.0637531	0.994702	0.997965	-0.965554	-0.997966
1.518	0.0402586	0.0527718	0.995203	0.998606	-0.963149	-0.998607
1.529	0.0296771	0.0417842	0.995588	0.999126	-0.960744	-0.999127
1.54	0.0191222	0.0307915	0.995856	0.999526	-0.958339	-0.999526
1.551	0.00859368	0.019795	0.996008	0.999804	-0.955934	-0.999804
1.562	-0.00190837	0.00879621	0.996045	0.999961	-0.953529	-0.999961
1.573	-0.012384	-0.00220368	0.995967	0.999997	-0.951125	-0.999998
1.584	-0.0228331	-0.0132033	0.995773	0.999913	-0.94872	-0.999913
1.595	-0.0332558	-0.0242013	0.995464	0.999707	-0.946315	-0.999707
1.606	-0.043652	-0.0351964	0.995041	0.99938	-0.94391	-0.99938
1.617	-0.0540218	-0.0461872	0.994504	0.998933	-0.941505	-0.998933
1.628	-0.0643651	-0.0571725	0.993853	0.998364	-0.9391	-0.998364
1.639	-0.074682	-0.0681508	0.993088	0.997675	-0.936695	-0.997675
1.65	-0.0849724	-0.0791209	0.99221	0.996865	-0.934291	-0.996865
1.661	-0.0952364	-0.0900814	0.991219	0.995934	-0.931886	-0.995934
1.672	-0.105474	-0.101031	0.990115	0.994883	-0.929481	-0.994883
1.683	-0.115685	-0.111968	0.988899	0.993712	-0.927076	-0.993712
1.694	-0.12587	-0.122892	0.98757	0.99242	-0.924671	-0.99242
1.705	-0.136028	-0.133801	0.98613	0.991008	-0.922266	-0.991008
1.716	-0.146159	-0.144694	0.984577	0.989476	-0.919861	-0.989476
1.727	-0.156265	-0.155569	0.982914	0.987825	-0.917456	-0.987825
1.738	-0.166344	-0.166426	0.98114	0.986054	-0.915186	-0.986054
1.749	-0.176404	-0.177262	0.979255	0.984163	-0.914055	-0.984164
1.76	-0.186453	-0.188077	0.977259	0.982154	-0.912924	-0.982154
1.771	-0.196489	-0.198869	0.975153	0.980026	-0.911793	-0.980026
1.782	-0.206512	-0.209637	0.972936	0.977779	-0.910662	-0.977779
1.793	-0.216523	-0.22038	0.970609	0.975414	-0.909531	-0.975414
1.804	-0.226522	-0.231096	0.968173	0.972931	-0.9084	-0.972931
1.815	-0.236508	-0.241784	0.965626	0.97033	-0.907269	-0.97033
1.826	-0.246482	-0.252442	0.96297	0.967612	-0.906138	-0.967612
1.837	-0.256443	-0.263071	0.960203	0.964776	-0.905007	-0.964777
1.848	-0.266392	-0.273667	0.957328	0.961824	-0.903876	-0.961824
1.859	-0.276328	-0.28423	0.954343	0.958756	-0.902745	-0.958756
1.87	-0.286252	-0.294759	0.951249	0.955571	-0.901614	-0.955572
1.881	-0.296164	-0.305253	0.948045	0.952271	-0.900483	-0.952271
1.892	-0.306063	-0.315709	0.944733	0.948856	-0.899353	-0.948856
1.903	-0.31595	-0.326127	0.941312	0.945326	-0.898222	-0.945326
1.914	-0.325824	-0.336506	0.937782	0.941681	-0.897091	-0.941681
1.925	-0.335686	-0.346844	0.934144	0.937923	-0.89596	-0.937923
1.936	-0.345535	-0.35714	0.930397	0.934051	-0.894829	-0.934051
1.947	-0.355372	-0.367392	0.926542	0.930066	-0.893698	-0.930066
1.958	-0.365196	-0.377601	0.922579	0.925968	-0.892567	-0.925969
1.969	-0.375008	-0.387763	0.918508	0.921759	-0.891436	-0.921759
1.98	-0.384808	-0.397879	0.914329	0.917438	-0.890305	-0.917438
1.991	-0.394595	-0.407946	0.910042	0.913006	-0.889174	-0.913006
2.002	-0.40437	-0.417965	0.905648	0.908463	-0.888043	-0.908463
2.013	-0.414132	-0.427932	0.901146	0.903811	-0.886912	-0.903811
2.024	-0.423882	-0.437848	0.896537	0.899049	-0.885781	-0.899049
2.035	-0.433619	-0.447711	0.891821	0.894178	-0.88465	-0.894178
2.046	-0.443344	-0.45752	0.886998	0.889199	-0.88352	-0.8892
2.057	-0.453057	-0.467273	0.882067	0.884113	-0.882389	-0.884113
2.068	-0.462757	-0.47697	0.87703	0.87892	-0.881258	-0.87892
2.079	-0.472444	-0.486609	0.871887	0.87362	-0.880127	-0.87362
2.09	-0.48212	-0.496189	0.866637	0.868214	-0.878996	-0.868215
2.101	-0.491782	-0.505709	0.86128	0.862704	-0.877865	-0.862704
2.112	-0.501433	-0.515168	0.855817	0.857089	-0.876734	-0.857089
2.123	-0.51107	-0.524565	0.850249	0.85137	-0.875603	-0.851371
2.134	-0.520696	-0.533898	0.844574	0.845549	-0.874472	-0.845549
2.145	-0.530309	-0.543166	0.838793	0.839625	-0.873341	-0.839625
2.156	-0.539909	-0.552369	0.832907	0.833599	-0.87221	-0.8336
2.167	-0.549497	-0.561505	0.826915	0.827473	-0.871079	-0.827473
2.178	-0.559073	-0.570573	0.820818	0.821246	-0.869948	-0.821247
2.189	-0.568636	-0.579572	0.814616	0.814921	-0.868817	-0.814921
2.2	-0.578187	-0.588501	0.808308	0.808496	-0.867686	-0.808496
2.211	-0.587725	-0.597359	0.801896	0.801974	-0.866556	-0.801974
2.222	-0.597251	-0.606144	0.795378	0.795355	-0.865425	-0.795355
2.233	-0.606765	-0.614856	0.788756	0.788639	-0.864294	-0.788639
2.244	-0.616266	-0.623494	0.78203	0.781828	-0.863163	-0.781828
2.255	-0.625754	-0.632056	0.775199	0.774922	-0.862032	-0.774923
2.266	-0.63523	-0.640542	0.768263	0.767923	-0.860901	-0.767923
2.277	-0.644694	-0.64895	0.761223	0.760831	-0.85977	-0.760831
2.288	-0.654145	-0.65728	0.75408	0.753646	-0.858639	-0.753647
2.299	-0.663584	-0.66553	0.746832	0.746371	-0.857508	-0.746371
2.31	-0.673011	-0.6737	0.739481	0.739005	-0.856377	-0.739005
2.321	-0.682409	-0.681788	0.732026	0.73155	-0.849448	-0.73155
2.332	-0.69168	-0.689793	0.724469	0.724006	-0.836075	-0.724006
2.343	-0.700803	-0.697716	0.71681	0.716375	-0.822703	-0.716375
2.354	-0.709779	-0.705553	0.709051	0.708657	-0.809331	-0.708657
2.365	-0.718608	-0.713306	0.701195	0.700853	-0.795958	-0.700853
2.376	-0.72729	-0.720972	0.693243	0.692964	-0.782586	-0.692964
2.387	-0.735825	-0.728551	0.685195	0.684992	-0.769214	-0.684992
2.398	-0.744213	-0.736041	0.677055	0.676936	-0.755841	-0.676937
2.409	-0.752454	-0.743443	0.668823	0.668799	-0.742469	-0.668799
2.42	-0.760547	-0.750755	0.660502	0.660581	-0.729096	-0.660581
2.431	-0.768494	-0.757975	0.652092	0.652283	-0.715724	-0.652283
2.442	-0.776293	-0.765105	0.643595	0.643906	-0.702352	-0.643906
2.453	-0.783946	-0.772141	0.635014	0.635451	-0.688979	-0.635451
2.464	-0.791451	-0.779084	0.626349	0.626919	-0.675607	-0.626919
2.475	-0.798809	-0.785933	0.617602	0.618311	-0.662235	-0.618312
2.486	-0.80602	-0.792687	0.608776	0.609629	-0.648862	-0.609629
2.497	-0.813084	-0.799345	0.59987	0.600873	-0.63549	-0.600873
2.508	-0.820001	-0.805906	0.590888	0.592044	-0.622118	-0.592044
2.519	-0.82677	-0.812369	0.581831	0.583143	-0.608745	-0.583143
2.53	-0.833393	-0.818735	0.5727	0.574172	-0.595373	-0.574172
2.541	-0.839869	-0.825001	0.563497	0.565131	-0.582001	-0.565132
2.552	-0.846197	-0.831167	0.554223	0.556022	-0.568628	-0.556023
2.563	-0.852378	-0.837233	0.544881	0.546846	-0.555256	-0.546846
2.574	-0.858413	-0.843198	0.535472	0.537603	-0.541883	-0.537604
2.585	-0.8643	-0.84906	0.525997	0.528296	-0.528511	-0.528296
2.596	-0.87004	-0.85482	0.516458	0.518925	-0.515139	-0.518925
2.607	-0.875633	-0.860476	0.506856	0.50949	-0.501766	-0.509491
2.618	-0.881079	-0.866028	0.497194	0.499994	-0.488394	-0.499995
2.629	-0.886378	-0.871476	0.487473	0.490438	-0.475022	-0.490438
2.64	-0.891529	-0.876818	0.477694	0.480822	-0.461649	-0.480823
2.651	-0.896534	-0.882054	0.46786	0.471148	-0.448277	-0.471149
2.662	-0.901391	-0.887183	0.457971	0.461418	-0.434905	-0.461418
2.673	-0.906102	-0.892205	0.44803	0.451631	-0.421532	-0.451631
2.684	-0.910665	-0.897119	0.438037	0.441789	-0.40816	-0.44179
2.695	-0.915081	-0.901924	0.427996	0.431895	-0.394788	-0.431895
2.706	-0.91935	-0.90662	0.417906	0.421948	-0.381415	-0.421948
2.717	-0.923472	-0.911207	0.407771	0.411949	-0.368043	-0.41195
2.728	-0.927447	-0.915683	0.39759	0.401901	-0.354671	-0.401902
2.739	-0.931275	-0.920048	0.387367	0.391805	-0.341298	-0.391805
2.75	-0.934956	-0.924302	0.377103	0.381661	-0.327926	-0.381661
2.761	-0.93849	-0.928445	0.366799	0.371471	-0.314553	-0.371471
2.772	-0.941876	-0.932475	0.356457	0.361235	-0.301181	-0.361236
2.783	-0.945116	-0.936392	0.346078	0.350957	-0.287809	-0.350957
2.794	-0.948208	-0.940195	0.335665	0.340635	-0.274436	-0.340635
2.805	-0.951153	-0.943886	0.325218	0.330273	-0.261064	-0.330273
2.816	-0.953951	-0.947461	0.31474	0.31987	-0.247692	-0.31987
2.827	-0.956602	-0.950923	0.304232	0.309429	-0.234319	-0.309429
2.838	-0.959106	-0.954269	0.293695	0.29895	-0.220947	-0.29895
2.849	-0.961463	-0.957499	0.283132	0.288435	-0.207575	-0.288436
2.86	-0.963673	-0.960614	0.272543	0.277886	-0.194202	-0.277886
2.871	-0.965736	-0.963613	0.261932	0.267302	-0.18083	-0.267303
2.882	-0.967651	-0.966495	0.251298	0.256687	-0.167458	-0.256687
2.893	-0.96942	-0.96926	0.240644	0.24604	-0.154085	-0.24604
2.904	-0.971065	-0.971907	0.229971	0.235363	-0.145766	-0.235364
2.915	-0.972627	-0.974438	0.219281	0.224658	-0.138395	-0.224659
2.926	-0.974109	-0.97685	0.208574	0.213926	-0.131023	-0.213926
2.937	-0.97551	-0.979144	0.197851	0.203168	-0.123652	-0.203168
2.948	-0.97683	-0.981319	0.187113	0.192385	-0.11628	-0.192386
2.959	-0.978068	-0.983376	0.176361	0.181579	-0.108909	-0.18158
2.97	-0.979226	-0.985314	0.165595	0.170752	-0.101537	-0.170752
2.981	-0.980302	-0.987133	0.154818	0.159903	-0.0941659	-0.159903
2.992	-0.981297	-0.988832	0.144029	0.149035	-0.0867944	-0.149035
3.003	-0.982211	-0.990411	0.13323	0.138149	-0.0794229	-0.138149
3.014	-0.983044	-0.991871	0.122421	0.127246	-0.0720514	-0.127247
3.025	-0.983797	-0.993211	0.111603	0.116328	-0.06468	-0.116329
3.036	-0.984467	-0.99443	0.100777	0.105396	-0.0573085	-0.105397
3.047	-0.985057	-0.995529	0.089945	0.0944514	-0.049937	-0.0944516
3.058	-0.985566	-0.996508	0.0791065	0.0834951	-0.0425655	-0.0834953
3.069	-0.985994	-0.997366	0.0682629	0.0725287	-0.0351941	-0.0725289
3.08	-0.98634	-0.998104	0.0574149	0.0615535	-0.0278226	-0.0615537
3.091	-0.986606	-0.99872	0.0465637	0.0505708	-0.0204511	-0.0505711
3.102	-0.98679	-0.999216	0.0357099	0.0395821	-0.0130796	-0.0395823
3.113	-0.986894	-0.999591	0.0248546	0.0285885	-0.00570815	-0.0285887
3.124	-0.986916	-0.999845	0.0139986	0.0175915	0.00166332	-0.0175917
3.135	-0.986857	-0.999978	0.00314273	0.00659236	0.0090348	-0.0065926
3.146	-0.986717	-0.99999	-0.00771201	-0.00440758	0.0164063	0.00440734
3.157	-0.986496	-0.999881	-0.0185648	-0.015407	0.0237778	0.0154067
3.168	-0.986194	-0.999651	-0.0294146	-0.0264045	0.0311492	0.0264043
3.179	-0.985811	-0.9993	-0.0402607	-0.0373989	0.0385207	0.0373986
3.19	-0.985347	-0.998829	-0.0511022	-0.0483887	0.0458922	0.0483885
3.201	-0.984801	-0.998236	-0.061938	-0.0593727	0.0532637	0.0593724
3.212	-0.984175	-0.997522	-0.0727675	-0.0703494	0.0606351	0.0703492
3.223	-0.983467	-0.996688	-0.0835896	-0.0813177	0.0680066	0.0813175
3.234	-0.982679	-0.995733	-0.0944035	-0.0922761	0.0753781	0.0922759
3.245	-0.981809	-0.994658	-0.105208	-0.103223	0.0827496	0.103223
3.256	-0.980858	-0.993463	-0.116003	-0.114158	0.090121	0.114158
3.267	-0.979826	-0.992147	-0.126787	-0.125079	0.0974925	0.125079
3.278	-0.978713	-0.990711	-0.137559	-0.135985	0.104864	0.135985
3.289	-0.977519	-0.989155	-0.148318	-0.146874	0.112235	0.146874
3.3	-0.976244	-0.98748	-0.159064	-0.157746	0.119607	0.157746
3.311	-0.974888	-0.985685	-0.169795	-0.168598	0.126978	0.168598
3.322	-0.973451	-0.983771	-0.180511	-0.179431	0.13435	0.17943
3.333	-0.971932	-0.981737	-0.191211	-0.190241	0.141721	0.190241
3.344	-0.970333	-0.979585	-0.201893	-0.201028	0.149093	0.201028
3.355	-0.968652	-0.977315	-0.212558	-0.211791	0.156464	0.211791
3.366	-0.96689	-0.974926	-0.223203	-0.222529	0.163836	0.222529
3.377	-0.965048	-0.972419	-0.233829	-0.233239	0.171207	0.233239
3.388	-0.963124	-0.969795	-0.244434	-0.243922	0.178579	0.243921
3.399	-0.961119	-0.967053	-0.255018	-0.254574	0.18595	0.254574
3.41	-0.959033	-0.964194	-0.265579	-0.265196	0.193322	0.265196
3.421	-0.956866	-0.961219	-0.276116	-0.275786	0.200693	0.275786
3.432	-0.954618	-0.958127	-0.286629	-0.286343	0.208065	0.286343
3.443	-0.952288	-0.95492	-0.297117	-0.296865	0.215436	0.296864
3.454	-0.949878	-0.951596	-0.307579	-0.307351	0.222808	0.30735
3.465	-0.947387	-0.948158	-0.318014	-0.317799	0.230179	0.317799
3.476	-0.944813	-0.944605	-0.328422	-0.32821	0.238704	0.328209
3.487	-0.942116	-0.940938	-0.3388	-0.33858	0.251556	0.33858
3.498	-0.939279	-0.937156	-0.349148	-0.34891	0.264408	0.34891
3.509	-0.936299	-0.933262	-0.359463	-0.359197	0.27726	0.359197
3.52	-0.933179	-0.929254	-0.369746	-0.369441	0.290112	0.369441
3.531	-0.929917	-0.925134	-0.379993	-0.37964	0.302965	0.37964
3.542	-0.926514	-0.920902	-0.390203	-0.389794	0.315817	0.389794
3.553	-0.922969	-0.916559	-0.400376	-0.3999	0.328669	0.3999
3.564	-0.919283	-0.912105	-0.410508	-0.409958	0.341521	0.409957
3.575	-0.915456	-0.90754	-0.420599	-0.419966	0.354373	0.419966
3.586	-0.911487	-0.902866	-0.430648	-0.429923	0.367225	0.429923
3.597	-0.907377	-0.898082	-0.440651	-0.439828	0.380077	0.439828
3.608	-0.903125	-0.89319	-0.450609	-0.449681	0.392929	0.44968
3.619	-0.898732	-0.888189	-0.46052	-0.459478	0.405781	0.459478
3.63	-0.894198	-0.883081	-0.470381	-0.46922	0.418633	0.46922
3.641	-0.889522	-0.877867	-0.480192	-0.478906	0.431485	0.478905
3.652	-0.884705	-0.872546	-0.48995	-0.488533	0.444337	0.488533
3.663	-0.879747	-0.867119	-0.499655	-0.498101	0.457189	0.498101
3.674	-0.874647	-0.861588	-0.509304	-0.507609	0.470041	0.507609
3.685	-0.869406	-0.855952	-0.518896	-0.517056	0.482893	0.517056
3.696	-0.864023	-0.850213	-0.52843	-0.52644	0.495745	0.52644
3.707	-0.8585	-0.84437	-0.537904	-0.53576	0.508597	0.53576
3.718	-0.852834	-0.838426	-0.547317	-0.545016	0.521449	0.545015
3.729	-0.847028	-0.83238	-0.556666	-0.554205	0.534301	0.554205
3.74	-0.84108	-0.826234	-0.565951	-0.563328	0.547153	0.563327
3.751	-0.83499	-0.819987	-0.575169	-0.572382	0.560005	0.572382
3.762	-0.82876	-0.813642	-0.58432	-0.581367	0.572857	0.581367
3.773	-0.822387	-0.807198	-0.593402	-0.590282	0.585709	0.590281
3.784	-0.815874	-0.800656	-0.602412	-0.599125	0.598561	0.599125
3.795	-0.809219	-0.794017	-0.61135	-0.607896	0.611413	0.607895
3.806	-0.802423	-0.787282	-0.620214	-0.616593	0.624265	0.616593
3.817	-0.795485	-0.780452	-0.629003	-0.625216	0.637117	0.625215
3.828	-0.788406	-0.773528	-0.637715	-0.633763	0.649969	0.633762
3.839	-0.781186	-0.76651	-0.646347	-0.642233	0.662821	0.642233
3.85	-0.773824	-0.759399	-0.6549	-0.650625	0.675673	0.650625
3.861	-0.766321	-0.752196	-0.663371	-0.658939	0.688525	0.658939
3.872	-0.758677	-0.744903	-0.671759	-0.667173	0.701377	0.667173
3.883	-0.750891	-0.737519	-0.680061	-0.675327	0.714229	0.675327
3.894	-0.742964	-0.730046	-0.688278	-0.683398	0.727081	0.683398
3.905	-0.734895	-0.722484	-0.696406	-0.691387	0.739933	0.691387
3.916	-0.726685	-0.714836	-0.704445	-0.699293	0.752786	0.699293
3.927	-0.718334	-0.7071	-0.712393	-0.707114	0.765638	0.707113
3.938	-0.709841	-0.699279	-0.720248	-0.714849	0.77849	0.714848
3.949	-0.701207	-0.691374	-0.728009	-0.722497	0.791342	0.722497
3.96	-0.692432	-0.683385	-0.735674	-0.730059	0.804194	0.730058
3.971	-0.683515	-0.675313	-0.743242	-0.737532	0.817046	0.737531
3.982	-0.674457	-0.667159	-0.750711	-0.744915	0.829898	0.744915
3.993	-0.665257	-0.658925	-0.758079	-0.752209	0.84275	0.752208
4.004	-0.655916	-0.650611	-0.765346	-0.759411	0.855602	0.759411
4.015	-0.646434	-0.642218	-0.772509	-0.766522	0.868454	0.766522
4.026	-0.63681	-0.633748	-0.779567	-0.77354	0.881306	0.77354
4.037	-0.627045	-0.625201	-0.786518	-0.780464	0.894158	0.780464
4.048	-0.617139	-0.616578	-0.793361	-0.787294	0.90701	0.787294
4.059	-0.607114	-0.607881	-0.800095	-0.794029	0.912572	0.794028
4.07	-0.597074	-0.59911	-0.806718	-0.800667	0.912832	0.800667
4.081	-0.587032	-0.590267	-0.81323	-0.807209	0.913091	0.807208
4.092	-0.576986	-0.581352	-0.819632	-0.813653	0.913351	0.813652
4.103	-0.566938	-0.572367	-0.825924	-0.819998	0.913611	0.819998
4.114	-0.556887	-0.563312	-0.832105	-0.826244	0.913871	0.826244
4.125	-0.546833	-0.55419	-0.838175	-0.832391	0.914131	0.832391
4.136	-0.536776	-0.545	-0.844135	-0.838436	0.914391	0.838436
4.147	-0.526716	-0.535744	-0.849985	-0.844381	0.914651	0.84438
4.158	-0.516654	-0.526424	-0.855723	-0.850223	0.91491	0.850222
4.169	-0.506588	-0.51704	-0.861351	-0.855962	0.91517	0.855961
4.18	-0.49652	-0.507593	-0.866868	-0.861597	0.91543	0.861597
4.191	-0.486449	-0.498085	-0.872274	-0.867128	0.91569	0.867128
4.202	-0.476375	-0.488517	-0.87757	-0.872555	0.91595	0.872555
4.213	-0.466298	-0.478889	-0.882755	-0.877876	0.91621	0.877875
4.224	-0.456218	-0.469204	-0.887828	-0.88309	0.91647	0.88309
4.235	-0.446136	-0.459462	-0.892791	-0.888198	0.91673	0.888198
4.246	-0.43605	-0.449664	-0.897643	-0.893198	0.916989	0.893198
4.257	-0.425962	-0.439812	-0.902384	-0.89809	0.917249	0.89809
4.268	-0.415871	-0.429906	-0.907015	-0.902874	0.917509	0.902874
4.279	-0.405777	-0.419949	-0.911534	-0.907548	0.917769	0.907548
4.29	-0.39568	-0.409941	-0.915942	-0.912112	0.918029	0.912112
4.301	-0.38558	-0.399883	-0.920239	-0.916567	0.918289	0.916566
4.312	-0.375477	-0.389777	-0.924424	-0.92091	0.918549	0.920909
4.323	-0.365372	-0.379623	-0.928499	-0.925141	0.918808	0.925141
4.334	-0.355264	-0.369424	-0.932463	-0.929261	0.919068	0.929261
4.345	-0.345152	-0.35918	-0.936315	-0.933269	0.919328	0.933268
4.356	-0.335038	-0.348892	-0.940056	-0.937163	0.919588	0.937163
4.367	-0.324921	-0.338563	-0.943686	-0.940944	0.919848	0.940944
4.378	-0.314802	-0.328192	-0.947204	-0.944611	0.920108	0.944611
4.389	-0.304679	-0.317782	-0.950611	-0.948164	0.920368	0.948164
4.4	-0.294554	-0.307333	-0.953907	-0.951602	0.920628	0.951602
4.411	-0.284425	-0.296847	-0.957091	-0.954925	0.920887	0.954925
4.422	-0.274294	-0.286325	-0.960164	-0.958133	0.921147	0.958133
4.433	-0.26416	-0.275768	-0.963126	-0.961224	0.921407	0.961224
4.444	-0.254023	-0.265178	-0.965976	-0.9642	0.921667	0.964199
4.455	-0.243883	-0.254556	-0.968714	-0.967058	0.921927	0.967058
4.466	-0.233741	-0.243904	-0.971341	-0.9698	0.922187	0.969799
4.477	-0.223595	-0.233221	-0.973857	-0.972424	0.922447	0.972424
4.488	-0.213447	-0.222511	-0.97626	-0.97493	0.922707	0.97493
4.499	-0.203296	-0.211773	-0.978553	-0.977319	0.922966	0.977319
4.51	-0.193142	-0.20101	-0.980733	-0.979589	0.923226	0.979589
4.521	-0.182985	-0.190223	-0.982802	-0.981741	0.923486	0.981741
4.532	-0.172825	-0.179412	-0.984759	-0.983774	0.923746	0.983774
4.543	-0.162662	-0.16858	-0.986604	-0.985688	0.924006	0.985688
4.554	-0.152497	-0.157728	-0.988337	-0.987483	0.924266	0.987483
4.565	-0.142328	-0.146856	-0.989959	-0.989158	0.924526	0.989158
4.576	-0.132157	-0.135967	-0.991468	-0.990714	0.924785	0.990713
4.587	-0.121983	-0.125061	-0.992866	-0.992149	0.925045	0.992149
4.598	-0.111806	-0.11414	-0.994152	-0.993465	0.925305	0.993465
4.609	-0.101626	-0.103205	-0.995326	-0.99466	0.925565	0.99466
4.62	-0.0914438	-0.0922576	-0.996388	-0.995735	0.925825	0.995735
4.631	-0.0812583	-0.0812992	-0.997338	-0.99669	0.926085	0.99669
4.642	-0.071064	-0.0703309	-0.998175	-0.997524	0.927488	0.997524
4.653	-0.0608535	-0.0593541	-0.998901	-0.998237	0.928955	0.998237
4.664	-0.0506269	-0.0483701	-0.999514	-0.99883	0.930422	0.998829
4.675	-0.0403842	-0.0373803	-1.00001	-0.999301	0.931889	0.999301
4.686	-0.0301254	-0.0263859	-1.0004	-0.999652	0.933356	0.999652
4.697	-0.0198504	-0.0153884	-1.00068	-0.999882	0.934823	0.999882
4.708	-0.00955927	-0.00438897	-1.00084	-0.999991	0.93629	0.99999
4.719	0.00074799	0.00661097	-1.00089	-0.999978	0.937757	0.999978
4.73	0.0110714	0.0176101	-1.00082	-0.999845	0.939224	0.999845
4.741	0.0214109	0.0286071	-1.00064	-0.999591	0.940691	0.999591
4.752	0.0317666	0.0396007	-1.00035	-0.999216	0.942158	0.999216
4.763	0.0421384	0.0505894	-0.999945	-0.99872	0.943625	0.99872
4.774	0.0525263	0.061572	-0.999424	-0.998103	0.945092	0.998103
4.785	0.0629304	0.0725472	-0.998789	-0.997365	0.946559	0.997365
4.796	0.0733506	0.0835136	-0.99804	-0.996507	0.948026	0.996507
4.807	0.083787	0.0944699	-0.997176	-0.995528	0.949493	0.995528
4.818	0.0942395	0.105415	-0.996197	-0.994429	0.95096	0.994428
4.829	0.104708	0.116347	-0.995102	-0.993209	0.952427	0.993209
4.84	0.115193	0.127265	-0.993893	-0.991869	0.953894	0.991869
4.851	0.125694	0.138168	-0.992568	-0.990409	0.955361	0.990409
4.862	0.136211	0.149054	-0.991128	-0.988829	0.956828	0.988829
4.873	0.146744	0.159921	-0.989571	-0.98713	0.958295	0.98713
4.884	0.157293	0.17077	-0.987899	-0.985311	0.959761	0.985311
4.895	0.167859	0.181598	-0.986111	-0.983373	0.961228	0.983373
4.906	0.17844	0.192404	-0.984206	-0.981316	0.962695	0.981316
4.917	0.189038	0.203186	-0.982185	-0.97914	0.964162	0.97914
4.928	0.199652	0.213944	-0.980047	-0.976846	0.965629	0.976846
4.939	0.210282	0.224676	-0.977793	-0.974434	0.967096	0.974433
4.95	0.220928	0.235381	-0.975421	-0.971903	0.968563	0.971903
4.961	0.23159	0.246058	-0.972932	-0.969255	0.97003	0.969255
4.972	0.242269	0.256705	-0.970326	-0.96649	0.971497	0.96649
4.983	0.252963	0.26732	-0.967602	-0.963608	0.972964	0.963608
4.994	0.263674	0.277904	-0.964761	-0.960609	0.974431	0.960609
5.005	0.274401	0.288453	-0.961801	-0.957494	0.975898	0.957494
5.016	0.285144	0.298968	-0.958724	-0.954263	0.977365	0.954263
5.027	0.295903	0.309447	-0.955528	-0.950917	0.978832	0.950917
5.038	0.306678	0.319888	-0.952214	-0.947456	0.980299	0.947455
5.049	0.317469	0.33029	-0.948781	-0.94388	0.981766	0.943879
5.06	0.328277	0.340653	-0.94523	-0.940189	0.983233	0.940189
5.071	0.3391	0.350974	-0.941559	-0.936385	0.9847	0.936385
5.082	0.34994	0.361253	-0.937769	-0.932468	0.986167	0.932468
5.093	0.360796	0.371488	-0.93386	-0.928438	0.987634	0.928438
5.104	0.371668	0.381678	-0.929832	-0.924296	0.989101	0.924295
5.115	0.382556	0.391822	-0.925684	-0.920041	0.990568	0.920041
5.126	0.393461	0.401918	-0.921415	-0.915676	0.992035	0.915675
5.137	0.404381	0.411966	-0.917027	-0.911199	0.993502	0.911199
5.148	0.415318	0.421964	-0.912519	-0.906613	0.994969	0.906612
5.159	0.42627	0.431911	-0.90789	-0.901916	0.996436	0.901916
5.17	0.437239	0.441806	-0.903141	-0.897111	0.997903	0.897111
5.181	0.448224	0.451647	-0.898271	-0.892197	0.99937	0.892196
5.192	0.459225	0.461434	-0.89328	-0.887175	1.00084	0.887174
5.203	0.470243	0.471165	-0.888168	-0.882045	1.0023	0.882045
5.214	0.481269	0.480839	-0.882935	-0.876809	0.999616	0.876809
5.225	0.4922	0.490454	-0.87758	-0.871467	0.987928	0.871467
5.236	0.503003	0.500011	-0.872107	-0.86602	0.97624	0.866019
5.247	0.513678	0.509506	-0.866515	-0.860467	0.964552	0.860467
5.258	0.524223	0.51894	-0.860806	-0.854811	0.952864	0.85481
5.269	0.534641	0.528312	-0.854982	-0.849051	0.941176	0.84905
5.28	0.544929	0.537619	-0.849045	-0.843188	0.929488	0.843188
5.291	0.555089	0.546862	-0.842994	-0.837223	0.9178	0.837223
5.302	0.565121	0.556038	-0.836833	-0.831157	0.906112	0.831157
5.313	0.575024	0.565147	-0.830562	-0.824991	0.894424	0.82499
5.324	0.584798	0.574187	-0.824183	-0.818724	0.882736	0.818724
5.335	0.594444	0.583158	-0.817697	-0.812359	0.871048	0.812359
5.346	0.603961	0.592059	-0.811106	-0.805895	0.85936	0.805895
5.357	0.61335	0.600888	-0.80441	-0.799334	0.847672	0.799334
5.368	0.62261	0.609644	-0.797613	-0.792676	0.835984	0.792676
5.379	0.631742	0.618326	-0.790713	-0.785922	0.824296	0.785922
5.39	0.640745	0.626934	-0.783715	-0.779073	0.812608	0.779073
5.401	0.649619	0.635465	-0.776618	-0.77213	0.80092	0.772129
5.412	0.658365	0.64392	-0.769424	-0.765093	0.789232	0.765093
5.423	0.666982	0.652297	-0.762134	-0.757964	0.777544	0.757963
5.434	0.675471	0.660595	-0.75475	-0.750743	0.765856	0.750742
5.445	0.683831	0.668813	-0.747274	-0.743431	0.754168	0.743431
5.456	0.692062	0.67695	-0.739707	-0.736029	0.74248	0.736029
5.467	0.700165	0.685005	-0.732049	-0.728538	0.730792	0.728538
5.478	0.70814	0.692978	-0.724303	-0.720959	0.719104	0.720959
5.489	0.715986	0.700866	-0.716471	-0.713293	0.707416	0.713293
5.5	0.723703	0.70867	-0.708552	-0.705541	0.695728	0.70554
5.511	0.731292	0.716388	-0.70055	-0.697703	0.68404	0.697702
5.522	0.738752	0.724019	-0.692464	-0.68978	0.672352	0.68978
5.533	0.746084	0.731563	-0.684298	-0.681775	0.660664	0.681774
5.544	0.753287	0.739018	-0.676051	-0.673686	0.648976	0.673686
5.555	0.760361	0.746383	-0.667726	-0.665517	0.637288	0.665516
5.566	0.767307	0.753659	-0.659323	-0.657266	0.6256	0.657266
5.577	0.774124	0.760843	-0.650845	-0.648936	0.613912	0.648936
5.588	0.780813	0.767935	-0.642293	-0.640528	0.602224	0.640528
5.599	0.787373	0.774934	-0.633668	-0.632042	0.590536	0.632042
5.61	0.793805	0.78184	-0.624971	-0.62348	0.578848	0.62348
5.621	0.800108	0.788651	-0.616205	-0.614842	0.56716	0.614842
5.632	0.806282	0.795366	-0.60737	-0.60613	0.555472	0.60613
5.643	0.812328	0.801985	-0.598467	-0.597344	0.543784	0.597344
5.654	0.818246	0.808507	-0.589499	-0.588487	0.532096	0.588486
5.665	0.824034	0.814932	-0.580466	-0.579558	0.520408	0.579557
5.676	0.829694	0.821257	-0.57137	-0.570558	0.50872	0.570558
5.687	0.835226	0.827484	-0.562213	-0.56149	0.497032	0.56149
5.698	0.840629	0.83361	-0.552996	-0.552354	0.485344	0.552354
5.709	0.845904	0.839635	-0.54372	-0.543151	0.473656	0.543151
5.72	0.85105	0.845559	-0.534387	-0.533883	0.461968	0.533882
5.731	0.856067	0.85138	-0.524997	-0.524549	0.45028	0.524549
5.742	0.860956	0.857099	-0.515554	-0.515153	0.438592	0.515152
5.753	0.865716	0.862713	-0.506057	-0.505693	0.426904	0.505693
5.764	0.870348	0.868224	-0.496508	-0.496173	0.415216	0.496173
5.775	0.874851	0.873629	-0.48691	-0.486593	0.403528	0.486593
5.786	0.879225	0.878929	-0.477262	-0.476954	0.39184	0.476954
5.797	0.883483	0.884122	-0.467567	-0.467257	0.383257	0.467257
5.808	0.887659	0.889208	-0.457826	-0.457503	0.376107	0.457503
5.819	0.891757	0.894187	-0.448039	-0.447695	0.368958	0.447694
5.83	0.895776	0.899057	-0.438207	-0.437832	0.361808	0.437832
5.841	0.899717	0.903819	-0.428332	-0.427916	0.354658	0.427916
5.852	0.903579	0.908471	-0.418414	-0.417948	0.347509	0.417948
5.863	0.907362	0.913013	-0.408454	-0.40793	0.340359	0.40793
5.874	0.911067	0.917445	-0.398452	-0.397862	0.333209	0.397862
5.885	0.914693	0.921766	-0.38841	-0.387747	0.32606	0.387746
5.896	0.91824	0.925976	-0.378329	-0.377584	0.31891	0.377584
5.907	0.921709	0.930073	-0.368209	-0.367375	0.311761	0.367375
5.918	0.925099	0.934058	-0.358052	-0.357123	0.304611	0.357122
5.929	0.92841	0.937929	-0.347858	-0.346827	0.297461	0.346826
5.94	0.931643	0.941688	-0.337627	-0.336489	0.290312	0.336488
5.951	0.934797	0.945332	-0.327362	-0.32611	0.283162	0.32611
5.962	0.937873	0.948862	-0.317062	-0.315692	0.276012	0.315691
5.973	0.940869	0.952277	-0.306729	-0.305235	0.268863	0.305235
5.984	0.943788	0.955577	-0.296363	-0.294742	0.261713	0.294742
5.995	0.946627	0.958761	-0.285966	-0.284213	0.254563	0.284213
6.006	0.949388	0.961829	-0.275538	-0.27365	0.247414	0.273649
6.017	0.95207	0.964781	-0.265079	-0.263053	0.240264	0.263053
6.028	0.954674	0.967617	-0.254592	-0.252425	0.233114	0.252425
6.039	0.957199	0.970335	-0.244077	-0.241766	0.225965	0.241766
6.05	0.959645	0.972935	-0.233534	-0.231078	0.218815	0.231078
6.061	0.962013	0.975418	-0.222965	-0.220362	0.211665	0.220362
6.072	0.964302	0.977783	-0.21237	-0.209619	0.204516	0.209619
6.083	0.966512	0.98003	-0.201751	-0.198851	0.197366	0.198851
6.094	0.968644	0.982158	-0.191107	-0.188059	0.190217	0.188059
6.105	0.970697	0.984167	-0.180441	-0.177244	0.183067	0.177244
6.116	0.972671	0.986057	-0.169752	-0.166408	0.175917	0.166408
6.127	0.974567	0.987828	-0.159042	-0.155551	0.168768	0.155551
6.138	0.976384	0.989479	-0.148312	-0.144676	0.161618	0.144676
6.149	0.978123	0.991011	-0.137562	-0.133783	0.154468	0.133783
6.16	0.979782	0.992422	-0.126794	-0.122874	0.147319	0.122874
6.171	0.981364	0.993714	-0.116007	-0.11195	0.140169	0.11195
6.182	0.982866	0.994885	-0.105204	-0.101013	0.133019	0.101013
6.193	0.98429	0.995936	-0.0943845	-0.0900634	0.12587	0.0900631
6.204	0.985635	0.996866	-0.0835498	-0.0791028	0.11872	0.0791026
6.215	0.986902	0.997676	-0.0727008	-0.0681327	0.11157	0.0681325
6.226	0.98809	0.998365	-0.0618383	-0.0571544	0.104421	0.0571541
6.237	0.989199	0.998934	-0.0509631	-0.0461691	0.0972711	0.0461689
6.248	0.99023	0.999381	-0.0400762	-0.0351783	0.0901215	0.035178
6.259	0.991182	0.999708	-0.0291784	-0.0241832	0.0829718	0.0241829
6.27	0.992055	0.999913	-0.0182705	-0.0131852	0.0758222	0.0131849
6.281	0.99285	0.999998	-0.00735343	-0.00218555	0.0686725	0.0021853
6.292	0.993566	0.999961	0.00357193	0.00881433	0.0615229	-0.00881459
6.303	0.994203	0.999804	0.0145047	0.0198131	0.0543732	-0.0198134
6.314	0.994762	0.999525	0.0254441	0.0308096	0.0472236	-0.0308098
6.325	0.995242	0.999126	0.0363892	0.0418023	0.0400739	-0.0418025
6.336	0.995644	0.998606	0.0473392	0.0527899	0.0329243	-0.0527901
6.347	0.995967	0.997965	0.0582931	0.0637711	0.0257746	-0.0637714
6.358	0.996211	0.997203	0.0692501	0.0747447	0.018625	-0.0747449
6.369	0.996376	0.99632	0.0802094	0.0857092	0.0111061	-0.0857094
6.38	0.996421	0.995317	0.09117	0.0966633	-0.00305891	-0.0966635
6.391	0.996309	0.994194	0.10213	0.107606	-0.0172239	-0.107606
6.402	0.996042	0.99295	0.113088	0.118535	-0.0313889	-0.118535
6.413	0.995618	0.991586	0.124042	0.12945	-0.045554	-0.12945
6.424	0.995039	0.990102	0.134991	0.14035	-0.059719	-0.14035
6.435	0.994305	0.988498	0.145933	0.151232	-0.073884	-0.151232
6.446	0.993414	0.986775	0.156865	0.162096	-0.088049	-0.162096
6.457	0.992368	0.984932	0.167787	0.172941	-0.102214	-0.172941
6.468	0.991165	0.98297	0.178697	0.183764	-0.116379	-0.183764
6.479	0.989807	0.980889	0.189592	0.194565	-0.130544	-0.194566
6.49	0.988293	0.97869	0.200472	0.205343	-0.144709	-0.205344
6.501	0.986624	0.976372	0.211334	0.216096	-0.158874	-0.216096
6.512	0.984798	0.973936	0.222177	0.226823	-0.173039	-0.226823
6.523	0.982817	0.971382	0.232999	0.237522	-0.187204	-0.237523
6.534	0.98068	0.968711	0.243799	0.248193	-0.201369	-0.248193
6.545	0.978387	0.965922	0.254574	0.258834	-0.215534	-0.258834
6.556	0.975938	0.963016	0.265323	0.269443	-0.229699	-0.269443
6.567	0.973333	0.959994	0.276044	0.28002	-0.243864	-0.28002
6.578	0.970573	0.956856	0.286735	0.290562	-0.258029	-0.290563
6.589	0.967657	0.953602	0.297396	0.30107	-0.272194	-0.30107
6.6	0.964585	0.950233	0.308023	0.311541	-0.286359	-0.311541
6.611	0.961357	0.946748	0.318616	0.321975	-0.300524	-0.321975
6.622	0.957973	0.943149	0.329172	0.332369	-0.314689	-0.332369
6.633	0.954434	0.939436	0.339691	0.342723	-0.328854	-0.342724
6.644	0.950738	0.93561	0.350169	0.353036	-0.343019	-0.353037
6.655	0.946887	0.93167	0.360606	0.363306	-0.357184	-0.363307
6.666	0.94288	0.927617	0.371	0.373533	-0.371349	-0.373533
6.677	0.938717	0.923452	0.381349	0.383714	-0.385514	-0.383714
6.688	0.934399	0.919175	0.391652	0.393848	-0.399679	-0.393848
6.699	0.929924	0.914788	0.401905	0.403935	-0.413844	-0.403935
6.71	0.925294	0.910289	0.412109	0.413973	-0.428009	-0.413973
6.721	0.920508	0.90568	0.422261	0.423961	-0.442174	-0.423961
6.732	0.915566	0.900962	0.43236	0.433898	-0.456339	-0.433898
6.743	0.910469	0.896135	0.442403	0.443782	-0.470504	-0.443782
6.754	0.905215	0.891199	0.45239	0.453612	-0.48467	-0.453612
6.765	0.899806	0.886155	0.462317	0.463388	-0.498835	-0.463388
6.776	0.894241	0.881005	0.472185	0.473107	-0.513	-0.473108
6.787	0.88852	0.875747	0.48199	0.48277	-0.527165	-0.48277
6.798	0.882643	0.870384	0.491732	0.492373	-0.54133	-0.492374
6.809	0.876611	0.864915	0.501408	0.501918	-0.555495	-0.501918
6.82	0.870422	0.859342	0.511017	0.511401	-0.56966	-0.511401
6.831	0.864078	0.853665	0.520556	0.520823	-0.583825	-0.520823
6.842	0.857578	0.847884	0.530026	0.530181	-0.59799	-0.530182
6.853	0.850923	0.842001	0.539423	0.539476	-0.612155	-0.539476
6.864	0.844111	0.836016	0.548745	0.548705	-0.62632	-0.548705
6.875	0.837143	0.82993	0.557993	0.557868	-0.640485	-0.557868
6.886	0.83002	0.823743	0.567162	0.566963	-0.65465	-0.566963
6.897	0.822741	0.817457	0.576252	0.57599	-0.668815	-0.57599
6.908	0.815306	0.811072	0.585262	0.584947	-0.68298	-0.584947
6.919	0.807716	0.804588	0.594189	0.593833	-0.697145	-0.593833
6.93	0.799969	0.798007	0.603031	0.602647	-0.71131	-0.602648
6.941	0.792067	0.79133	0.611787	0.611389	-0.725475	-0.611389
6.952	0.78402	0.784557	0.620456	0.620056	-0.734804	-0.620056
6.963	0.775922	0.777689	0.629036	0.628649	-0.737484	-0.628649
6.974	0.767795	0.770727	0.637526	0.637165	-0.740163	-0.637165
6.985	0.759639	0.763672	0.645927	0.645604	-0.742843	-0.645605
6.996	0.751453	0.756524	0.654238	0.653965	-0.745523	-0.653966
7.007	0.743237	0.749285	0.662459	0.662248	-0.748203	-0.662248
7.018	0.734992	0.741955	0.670589	0.670449	-0.750882	-0.67045
7.029	0.726718	0.734535	0.678629	0.67857	-0.753562	-0.67857
7.04	0.718414	0.727027	0.686577	0.686609	-0.756242	-0.686609
7.051	0.71008	0.71943	0.694434	0.694564	-0.758922	-0.694565
7.062	0.701718	0.711747	0.702198	0.702436	-0.761601	-0.702436
7.073	0.693325	0.703977	0.709871	0.710223	-0.764281	-0.710223
7.084	0.684903	0.696122	0.717452	0.717923	-0.766961	-0.717923
7.095	0.676452	0.688183	0.724939	0.725537	-0.769641	-0.725537
7.106	0.667971	0.680161	0.732333	0.733063	-0.77232	-0.733063
7.117	0.659461	0.672056	0.739634	0.7405	-0.775	-0.7405
7.128	0.650921	0.66387	0.746841	0.747848	-0.77768	-0.747848
7.139	0.642352	0.655604	0.753954	0.755105	-0.78036	-0.755105
7.15	0.633753	0.647258	0.760973	0.762271	-0.783039	-0.762271
7.161	0.625125	0.638834	0.767897	0.769344	-0.785719	-0.769345
7.172	0.616468	0.630333	0.774726	0.776325	-0.788399	-0.776325
7.183	0.60778	0.621755	0.781459	0.783211	-0.791078	-0.783212
7.194	0.599064	0.613102	0.788097	0.790003	-0.793758	-0.790003
7.205	0.590318	0.604375	0.794638	0.796699	-0.796438	-0.7967
7.216	0.581542	0.595575	0.801084	0.803299	-0.799118	-0.803299
7.227	0.572737	0.586703	0.807432	0.809802	-0.801797	-0.809802
7.238	0.563903	0.57776	0.813684	0.816206	-0.804477	-0.816207
7.249	0.555039	0.568747	0.819838	0.822512	-0.807157	-0.822513
7.26	0.546145	0.559665	0.825894	0.828719	-0.809837	-0.828719
7.271	0.537222	0.550516	0.831853	0.834825	-0.812516	-0.834825
7.282	0.52827	0.541299	0.837713	0.84083	-0.815196	-0.84083
7.293	0.519288	0.532018	0.843475	0.846733	-0.817876	-0.846733
7.304	0.510277	0.522672	0.849137	0.852534	-0.820556	-0.852534
7.315	0.501236	0.513262	0.854701	0.858232	-0.823235	-0.858232
7.326	0.492165	0.503791	0.860165	0.863825	-0.825915	-0.863826
7.337	0.483066	0.494258	0.865528	0.869315	-0.828595	-0.869315
7.348	0.473936	0.484666	0.870792	0.874699	-0.831275	-0.874699
7.359	0.464778	0.475015	0.875955	0.879977	-0.833954	-0.879977
7.37	0.455589	0.465307	0.881017	0.885149	-0.836634	-0.885149
7.381	0.446372	0.455543	0.885978	0.890214	-0.839314	-0.890214
7.392	0.437124	0.445723	0.890837	0.895171	-0.841994	-0.895171
7.403	0.427848	0.435849	0.895594	0.900019	-0.844673	-0.90002
7.414	0.418542	0.425923	0.900249	0.904759	-0.847353	-0.904759
7.425	0.409206	0.415945	0.904802	0.90939	-0.850033	-0.90939
7.436	0.399841	0.405917	0.909252	0.91391	-0.852713	-0.91391
7.447	0.390446	0.395839	0.913599	0.91832	-0.855392	-0.91832
7.458	0.381022	0.385714	0.917842	0.922618	-0.858072	-0.922618
7.469	0.371569	0.375542	0.921981	0.926805	-0.860752	-0.926805
7.48	0.362086	0.365325	0.926016	0.93088	-0.863432	-0.93088
7.491	0.352573	0.355063	0.929947	0.934842	-0.866111	-0.934842
7.502	0.343031	0.344759	0.933773	0.938691	-0.868791	-0.938691
7.513	0.33346	0.334412	0.937493	0.942427	-0.871471	-0.942427
7.524	0.323859	0.324026	0.941109	0.946048	-0.87415	-0.946048
7.535	0.314223	0.3136	0.944618	0.949555	-0.878034	-0.949555
7.546	0.304542	0.303136	0.948021	0.952947	-0.882239	-0.952947
7.557	0.294814	0.292635	0.951318	0.956224	-0.886444	-0.956224
7.568	0.28504	0.282099	0.954507	0.959385	-0.89065	-0.959385
7.579	0.27522	0.271529	0.957589	0.96243	-0.894855	-0.96243
7.59	0.265353	0.260926	0.960562	0.965358	-0.89906	-0.965359
7.601	0.25544	0.250292	0.963426	0.96817	-0.903265	-0.96817
7.612	0.245481	0.239627	0.966181	0.970865	-0.90747	-0.970865
7.623	0.235476	0.228933	0.968827	0.973442	-0.911675	-0.973442
7.634	0.225425	0.218212	0.971362	0.975901	-0.91588	-0.975901
7.645	0.215327	0.207464	0.973786	0.978242	-0.920085	-0.978243
7.656	0.205183	0.196691	0.976099	0.980465	-0.92429	-0.980466
7.667	0.194992	0.185894	0.9783	0.98257	-0.928495	-0.98257
7.678	0.184756	0.175075	0.980388	0.984555	-0.9327	-0.984555
7.689	0.174473	0.164234	0.982364	0.986421	-0.936905	-0.986421
7.7	0.164144	0.153374	0.984226	0.988168	-0.94111	-0.988168
7.711	0.153769	0.142495	0.985975	0.989795	-0.945315	-0.989796
7.722	0.143347	0.131599	0.987609	0.991303	-0.94952	-0.991303
7.733	0.132879	0.120687	0.989128	0.99269	-0.953725	-0.992691
7.744	0.122365	0.10976	0.990532	0.993958	-0.95793	-0.993958
7.755	0.111805	0.0988201	0.99182	0.995105	-0.962135	-0.995105
7.766	0.101198	0.0878682	0.992992	0.996132	-0.96634	-0.996132
7.777	0.0905452	0.0769056	0.994047	0.997038	-0.970545	-0.997038
7.788	0.0798461	0.0659338	0.994984	0.997824	-0.97475	-0.997824
7.799	0.0691007	0.0549539	0.995803	0.998489	-0.978955	-0.998489
7.81	0.058309	0.0439675	0.996504	0.999033	-0.98316	-0.999033
7.821	0.0474712	0.0329757	0.997086	0.999456	-0.987365	-0.999456
7.832	0.036587	0.0219799	0.997548	0.999758	-0.99157	-0.999758
7.843	0.0256566	0.0109814	0.99789	0.999939	-0.995775	-0.99994
7.854	0.01468	-1.83642e-05	0.998112	1	-0.99998	-1
7.865	0.00365704	-0.0110181	0.998213	0.999939	-1.00419	-0.999939
7.876	-0.00741213	-0.0220166	0.998193	0.999757	-1.00839	-0.999758
7.887	-0.0185276	-0.0330124	0.99805	0.999455	-1.0126	-0.999455
7.898	-0.0296892	-0.0440042	0.997785	0.999031	-1.0168	-0.999031
7.909	-0.0408972	-0.0549906	0.997397	0.998487	-1.02101	-0.998487
7.92	-0.0521514	-0.0659704	0.996885	0.997821	-1.02521	-0.997822
7.931	-0.0634518	-0.0769422	0.996249	0.997035	-1.02942	-0.997036
7.942	-0.0747985	-0.0879048	0.995489	0.996129	-1.03362	-0.996129
7.953	-0.0861915	-0.0988566	0.994603	0.995101	-1.03783	-0.995102
7.964	-0.0976307	-0.109797	0.993592	0.993954	-1.04203	-0.993954
7.975	-0.109116	-0.120723	0.992455	0.992686	-1.04624	-0.992686
7.986	-0.120648	-0.131635	0.991192	0.991298	-1.05044	-0.991298
7.997	-0.132226	-0.142531	0.989801	0.98979	-1.05465	-0.98979
8.008	-0.14385	-0.15341	0.988282	0.988162	-1.05885	-0.988163
8.019	-0.155521	-0.16427	0.986636	0.986415	-1.06306	-0.986415
8.03	-0.167237	-0.175111	0.984861	0.984548	-1.06726	-0.984549
8.041	-0.179	-0.18593	0.982957	0.982563	-1.07147	-0.982563
8.052	-0.19081	-0.196727	0.980923	0.980458	-1.07567	-0.980458
8.063	-0.202665	-0.2075	0.978759	0.978235	-1.07988	-0.978235
8.074	-0.214567	-0.218248	0.976464	0.975893	-1.08408	-0.975893
8.085	-0.226515	-0.228969	0.974038	0.973433	-1.08829	-0.973434
8.096	-0.238509	-0.239663	0.97148	0.970856	-1.09249	-0.970856
8.107	-0.250548	-0.250327	0.968791	0.968161	-1.09453	-0.968161
8.118	-0.262535	-0.260962	0.965969	0.965349	-1.085	-0.965349
8.129	-0.274418	-0.271565	0.963015	0.96242	-1.07548	-0.96242
8.14	-0.286196	-0.282135	0.959932	0.959375	-1.06596	-0.959375
8.151	-0.297869	-0.29267	0.956719	0.956213	-1.05643	-0.956213
8.162	-0.309437	-0.303171	0.953379	0.952936	-1.04691	-0.952936
8.173	-0.320901	-0.313635	0.949912	0.949544	-1.03738	-0.949544
8.184	-0.33226	-0.32406	0.94632	0.946036	-1.02786	-0.946036
8.195	-0.343514	-0.334447	0.942603	0.942414	-1.01834	-0.942415
8.206	-0.354663	-0.344793	0.938763	0.938678	-1.00881	-0.938679
8.217	-0.365708	-0.355098	0.934801	0.934829	-0.999287	-0.934829
8.228	-0.376647	-0.365359	0.930717	0.930866	-0.989763	-0.930867
8.239	-0.387482	-0.375576	0.926515	0.926791	-0.980239	-0.926792
8.25	-0.398213	-0.385748	0.922193	0.922604	-0.970715	-0.922604
8.261	-0.408838	-0.395873	0.917754	0.918305	-0.961191	-0.918305
8.272	-0.419359	-0.40595	0.913199	0.913895	-0.951666	-0.913895
8.283	-0.429775	-0.415978	0.908529	0.909374	-0.942142	-0.909375
8.294	-0.440086	-0.425956	0.903745	0.904744	-0.932618	-0.904744
8.305	-0.450292	-0.435882	0.898847	0.900003	-0.923094	-0.900004
8.316	-0.460394	-0.445756	0.893838	0.895154	-0.91357	-0.895155
8.327	-0.470391	-0.455575	0.888719	0.890197	-0.904046	-0.890197
8.338	-0.480283	-0.46534	0.88349	0.885132	-0.894522	-0.885132
8.349	-0.49007	-0.475048	0.878153	0.87996	-0.884997	-0.87996
8.36	-0.499753	-0.484698	0.872709	0.874681	-0.875473	-0.874681
8.371	-0.509331	-0.49429	0.867159	0.869297	-0.865949	-0.869297
8.382	-0.518804	-0.503823	0.861504	0.863807	-0.856425	-0.863807
8.393	-0.528172	-0.513294	0.855746	0.858213	-0.846901	-0.858213
8.404	-0.537436	-0.522703	0.849885	0.852515	-0.837377	-0.852515
8.415	-0.546594	-0.532049	0.843923	0.846713	-0.827853	-0.846714
8.426	-0.555648	-0.54133	0.83786	0.84081	-0.818328	-0.84081
8.437	-0.564598	-0.550546	0.831699	0.834804	-0.808804	-0.834805
8.448	-0.573442	-0.559696	0.825439	0.828698	-0.79928	-0.828698
8.459	-0.582182	-0.568777	0.819083	0.822491	-0.789756	-0.822492
8.47	-0.590817	-0.57779	0.812632	0.816185	-0.780232	-0.816185
8.481	-0.599347	-0.586733	0.806086	0.80978	-0.770708	-0.809781
8.492	-0.607772	-0.595605	0.799446	0.803277	-0.761184	-0.803278
8.503	-0.616093	-0.604405	0.792715	0.796677	-0.751659	-0.796677
8.514	-0.624309	-0.613131	0.785893	0.789981	-0.742135	-0.789981
8.525	-0.63242	-0.621784	0.778981	0.783189	-0.732611	-0.783189
8.536	-0.640426	-0.630361	0.77198	0.776302	-0.723087	-0.776302
8.547	-0.648328	-0.638862	0.764892	0.769321	-0.713563	-0.769321
8.558	-0.656125	-0.647286	0.757717	0.762247	-0.704039	-0.762247
8.569	-0.663817	-0.655631	0.750457	0.755081	-0.694515	-0.755081
8.58	-0.671404	-0.663897	0.743114	0.747823	-0.68499	-0.747824
8.591	-0.678887	-0.672083	0.735687	0.740476	-0.675466	-0.740476
8.602	-0.686264	-0.680187	0.728178	0.733038	-0.665942	-0.733038
8.613	-0.693537	-0.68821	0.720589	0.725512	-0.656418	-0.725512
8.624	-0.700705	-0.696148	0.712921	0.717898	-0.646894	-0.717898
8.635	-0.707769	-0.704003	0.705174	0.710197	-0.63737	-0.710197
8.646	-0.714728	-0.711772	0.69735	0.70241	-0.627846	-0.70241
8.657	-0.721582	-0.719456	0.689451	0.694538	-0.618321	-0.694538
8.668	-0.728331	-0.727052	0.681476	0.686582	-0.608797	-0.686582
8.679	-0.734975	-0.73456	0.673428	0.678543	-0.599273	-0.678543
8.69	-0.74152	-0.74198	0.665307	0.670422	-0.591464	-0.670422
8.701	-0.747991	-0.749309	0.657115	0.66222	-0.585199	-0.66222
8.712	-0.754394	-0.756548	0.648851	0.653938	-0.578934	-0.653938
8.723	-0.760728	-0.763696	0.640518	0.645576	-0.572669	-0.645577
8.734	-0.766993	-0.770751	0.632116	0.637137	-0.566403	-0.637137
8.745	-0.773189	-0.777712	0.623645	0.62862	-0.560138	-0.62862
8.756	-0.779316	-0.78458	0.615106	0.620027	-0.553873	-0.620028
8.767	-0.785374	-0.791353	0.6065	0.61136	-0.547608	-0.61136
8.778	-0.791363	-0.79803	0.597828	0.602618	-0.541342	-0.602618
8.789	-0.797283	-0.80461	0.58909	0.593803	-0.535077	-0.593804
8.8	-0.803135	-0.811093	0.580288	0.584917	-0.528812	-0.584917
8.811	-0.808917	-0.817478	0.571421	0.57596	-0.522547	-0.57596
8.822	-0.814631	-0.823764	0.562492	0.566933	-0.516281	-0.566933
8.833	-0.820275	-0.82995	0.5535	0.557837	-0.510016	-0.557838
8.844	-0.825851	-0.836036	0.544446	0.548674	-0.503751	-0.548675
8.855	-0.831358	-0.842021	0.535331	0.539445	-0.497486	-0.539445
8.866	-0.836796	-0.847904	0.526156	0.53015	-0.491221	-0.53015
8.877	-0.842165	-0.853684	0.516922	0.520791	-0.484955	-0.520792
8.888	-0.847465	-0.859361	0.507629	0.51137	-0.47869	-0.51137
8.899	-0.852696	-0.864934	0.498278	0.501886	-0.472425	-0.501886
8.91	-0.857858	-0.870402	0.48887	0.492341	-0.46616	-0.492342
8.921	-0.862952	-0.875765	0.479405	0.482737	-0.459894	-0.482738
8.932	-0.867976	-0.881022	0.469885	0.473075	-0.453629	-0.473075
8.943	-0.872931	-0.886173	0.46031	0.463355	-0.447364	-0.463355
8.954	-0.877818	-0.891216	0.450681	0.45358	-0.441099	-0.45358
8.965	-0.882636	-0.896151	0.440999	0.443749	-0.434833	-0.443749
8.976	-0.887384	-0.900978	0.431263	0.433865	-0.428568	-0.433865
8.987	-0.892064	-0.905696	0.421476	0.423928	-0.422303	-0.423928
8.998	-0.896675	-0.910304	0.411638	0.41394	-0.416038	-0.41394
9.009	-0.901217	-0.914802	0.40175	0.403901	-0.409772	-0.403902
9.02	-0.90569	-0.91919	0.391812	0.393814	-0.403507	-0.393815
9.031	-0.910094	-0.923466	0.381825	0.38368	-0.397242	-0.38368
9.042	-0.914429	-0.927631	0.37179	0.373499	-0.390977	-0.373499
9.053	-0.918696	-0.931683	0.361708	0.363272	-0.384712	-0.363272
9.064	-0.922893	-0.935622	0.351579	0.353002	-0.378446	-0.353002
9.075	-0.927021	-0.939449	0.341404	0.342689	-0.372181	-0.342689
9.086	-0.931081	-0.943162	0.331185	0.332335	-0.365916	-0.332335
9.097	-0.935072	-0.94676	0.320921	0.32194	-0.359651	-0.32194
9.108	-0.938993	-0.950244	0.310613	0.311506	-0.353385	-0.311506
9.119	-0.942846	-0.953613	0.300263	0.301035	-0.34712	-0.301035
9.13	-0.94663	-0.956867	0.289871	0.290527	-0.340855	-0.290527
9.141	-0.950345	-0.960005	0.279437	0.279984	-0.33459	-0.279984
9.152	-0.953991	-0.963026	0.268964	0.269407	-0.328324	-0.269408
9.163	-0.957568	-0.965931	0.25845	0.258798	-0.322059	-0.258798
9.174	-0.961076	-0.96872	0.247897	0.248157	-0.315794	-0.248158
9.185	-0.964515	-0.971391	0.237307	0.237487	-0.309529	-0.237487
9.196	-0.967886	-0.973944	0.226678	0.226787	-0.303263	-0.226787
9.207	-0.971187	-0.97638	0.216013	0.21606	-0.296998	-0.216061
9.218	-0.97442	-0.978698	0.205312	0.205307	-0.290733	-0.205308
9.229	-0.977583	-0.980897	0.194576	0.194529	-0.284468	-0.19453
9.24	-0.980678	-0.982977	0.183806	0.183728	-0.278203	-0.183728
9.251	-0.983704	-0.984939	0.173002	0.172904	-0.271937	-0.172905
9.262	-0.986661	-0.986781	0.162165	0.16206	-0.265672	-0.16206
9.273	-0.989511	-0.988504	0.151295	0.151196	-0.251727	-0.151196
9.284	-0.992198	-0.990107	0.140396	0.140313	-0.236879	-0.140313
9.295	-0.994722	-0.991591	0.129468	0.129414	-0.222031	-0.129414
9.306	-0.997083	-0.992954	0.118513	0.118499	-0.207182	-0.118499
9.317	-0.99928	-0.994198	0.107533	0.107569	-0.192334	-0.107569
9.328	-1.00131	-0.995321	0.0965291	0.0966267	-0.177486	-0.0966269
9.339	-1.00318	-0.996323	0.0855042	0.0856726	-0.162637	-0.0856727
9.35	-1.00489	-0.997205	0.0744596	0.074708	-0.147789	-0.0747082
9.361	-1.00644	-0.997967	0.0633972	0.0637345	-0.132941	-0.0637346
9.372	-1.00782	-0.998608	0.0523186	0.0527532	-0.118093	-0.0527534
9.383	-1.00903	-0.999127	0.0412258	0.0417656	-0.103244	-0.0417657
9.394	-1.01009	-0.999526	0.0301205	0.0307729	-0.0883959	-0.030773
9.405	-1.01098	-0.999804	0.0190045	0.0197764	-0.0735476	-0.0197766
9.416	-1.01171	-0.999961	0.00787954	0.0087776	-0.0586993	-0.00877774
9.427	-1.01227	-0.999998	-0.00325249	-0.00222228	-0.043851	0.00222214
9.438	-1.01267	-0.999913	-0.0143898	-0.0132219	-0.0290027	0.0132218
9.449	-1.01291	-0.999707	-0.0255306	-0.0242199	-0.0141544	0.0242198
9.46	-1.01298	-0.99938	-0.0366732	-0.035215	0.000693933	0.0352149
9.471	-1.01289	-0.998932	-0.0478157	-0.0462058	0.0155422	0.0462057
9.482	-1.01264	-0.998363	-0.0589562	-0.0571911	0.0303905	0.0571909
9.493	-1.01222	-0.997674	-0.0700932	-0.0681694	0.0452389	0.0681692
9.504	-1.01165	-0.996864	-0.0812246	-0.0791394	0.0600872	0.0791393
9.515	-1.0109	-0.995933	-0.0923488	-0.0900999	0.0749355	0.0900998
9.526	-1.01	-0.994881	-0.103464	-0.10105	0.0897838	0.101049
9.537	-1.00893	-0.99371	-0.114568	-0.111987	0.104632	0.111987
9.548	-1.00769	-0.992418	-0.12566	-0.122911	0.11948	0.122911
9.559	-1.0063	-0.991006	-0.136737	-0.13382	0.134329	0.133819
9.57	-1.00474	-0.989474	-0.147798	-0.144712	0.149177	0.144712
9.581	-1.00302	-0.987822	-0.15884	-0.155588	0.164025	0.155587
9.592	-1.00113	-0.986051	-0.169863	-0.166444	0.178874	0.166444
9.603	-0.999082	-0.98416	-0.180865	-0.17728	0.193722	0.17728
9.614	-0.996869	-0.982151	-0.191843	-0.188095	0.20857	0.188095
9.625	-0.994493	-0.980022	-0.202795	-0.198887	0.223419	0.198887
9.636	-0.991954	-0.977775	-0.213721	-0.209655	0.238267	0.209655
9.647	-0.989251	-0.97541	-0.224618	-0.220398	0.253115	0.220398
9.658	-0.986385	-0.972927	-0.235484	-0.231114	0.267963	0.231113
9.669	-0.983356	-0.970326	-0.246317	-0.241802	0.282812	0.241801
9.68	-0.980163	-0.967607	-0.257117	-0.252461	0.29766	0.25246
9.691	-0.976808	-0.964772	-0.26788	-0.263089	0.312508	0.263088
9.702	-0.973288	-0.961819	-0.278606	-0.273685	0.327357	0.273685
9.713	-0.969606	-0.958751	-0.289292	-0.284248	0.342205	0.284248
9.724	-0.96576	-0.955566	-0.299937	-0.294777	0.357053	0.294777
9.735	-0.961751	-0.952266	-0.310538	-0.30527	0.371902	0.30527
9.746	-0.957578	-0.94885	-0.321095	-0.315727	0.38675	0.315726
9.757	-0.953242	-0.94532	-0.331604	-0.326145	0.401598	0.326144
9.768	-0.948743	-0.941675	-0.342066	-0.336523	0.416446	0.336523
9.779	-0.94408	-0.937917	-0.352476	-0.346861	0.431295	0.346861
9.79	-0.939254	-0.934044	-0.362835	-0.357157	0.446143	0.357156
9.801	-0.934265	-0.930059	-0.373139	-0.36741	0.460991	0.367409
9.812	-0.929112	-0.925962	-0.383388	-0.377618	0.47584	0.377617
9.823	-0.923797	-0.921752	-0.393579	-0.38778	0.490688	0.38778
9.834	-0.918317	-0.917431	-0.403711	-0.397896	0.505536	0.397895
9.845	-0.912679	-0.912998	-0.413781	-0.407963	0.517716	0.407963
9.856	-0.906958	-0.908456	-0.42379	-0.417982	0.522424	0.417981
9.867	-0.901185	-0.903803	-0.433734	-0.427949	0.527132	0.427948
9.878	-0.895361	-0.899041	-0.443615	-0.437865	0.53184	0.437864
9.889	-0.889485	-0.89417	-0.453432	-0.447728	0.536548	0.447727
9.9	-0.883557	-0.889191	-0.463184	-0.457536	0.541256	0.457535
9.911	-0.877577	-0.884105	-0.47287	-0.467289	0.545964	0.467289
9.922	-0.871546	-0.878911	-0.48249	-0.476986	0.550672	0.476985
9.933	-0.865462	-0.873611	-0.492044	-0.486625	0.55538	0.486624
9.944	-0.859327	-0.868206	-0.50153	-0.496205	0.560088	0.496204
9.955	-0.85314	-0.862695	-0.510949	-0.505725	0.564797	0.505724
9.966	-0.846902	-0.85708	-0.520299	-0.515184	0.569505	0.515183
9.977	-0.840611	-0.851361	-0.529581	-0.524581	0.574213	0.52458
9.988	-0.834269	-0.845539	-0.538793	-0.533914	0.578921	0.533913
9.999	-0.827875	-0.839615	-0.547934	-0.543182	0.583629	0.543181
10.01	-0.821429	-0.83359	-0.557006	-0.552385	0.588337	0.552384
10.021	-0.814932	-0.827463	-0.566006	-0.561521	0.593045	0.56152
10.032	-0.808382	-0.821236	-0.574934	-0.570589	0.597753	0.570588
10.043	-0.801781	-0.81491	-0.58379	-0.579587	0.602461	0.579587
10.054	-0.795128	-0.808486	-0.592573	-0.588516	0.607169	0.588515
10.065	-0.788423	-0.801963	-0.601282	-0.597374	0.611877	0.597373
10.076	-0.781667	-0.795344	-0.609918	-0.606159	0.616585	0.606158
10.087	-0.774859	-0.788628	-0.618479	-0.614871	0.621293	0.61487
10.098	-0.767998	-0.781817	-0.626965	-0.623509	0.626001	0.623508
10.109	-0.761087	-0.774911	-0.635375	-0.632071	0.630709	0.63207
10.12	-0.754123	-0.767912	-0.643708	-0.640556	0.635417	0.640555
10.131	-0.747107	-0.760819	-0.651965	-0.648964	0.640125	0.648964
10.142	-0.74004	-0.753635	-0.660145	-0.657294	0.644833	0.657293
10.153	-0.732921	-0.746359	-0.668246	-0.665544	0.649541	0.665543
10.164	-0.72575	-0.738993	-0.676269	-0.673713	0.654249	0.673713
10.175	-0.718528	-0.731538	-0.684212	-0.681801	0.658957	0.681801
10.186	-0.711253	-0.723994	-0.692076	-0.689807	0.663665	0.689806
10.197	-0.703927	-0.716362	-0.69986	-0.697729	0.668373	0.697728
10.208	-0.696549	-0.708644	-0.707562	-0.705567	0.673081	0.705566
10.219	-0.689119	-0.70084	-0.715184	-0.713319	0.677789	0.713318
10.23	-0.681638	-0.692951	-0.722723	-0.720985	0.682497	0.720984
10.241	-0.674104	-0.684979	-0.730179	-0.728563	0.687205	0.728563
10.252	-0.666519	-0.676923	-0.737553	-0.736054	0.691913	0.736054
10.263	-0.658882	-0.668786	-0.744843	-0.743456	0.696622	0.743455
10.274	-0.651193	-0.660568	-0.752048	-0.750767	0.70133	0.750767
10.285	-0.643453	-0.652269	-0.759169	-0.757988	0.706038	0.757988
10.296	-0.635661	-0.643892	-0.766204	-0.765117	0.710746	0.765117
10.307	-0.627816	-0.635437	-0.773153	-0.772153	0.715454	0.772153
10.318	-0.619921	-0.626905	-0.780016	-0.779096	0.720162	0.779096
10.329	-0.611973	-0.618297	-0.786791	-0.785945	0.72487	0.785945
10.34	-0.603973	-0.609615	-0.793479	-0.792698	0.729578	0.792699
10.351	-0.595922	-0.600858	-0.800078	-0.799356	0.734286	0.799357
10.362	-0.587819	-0.592029	-0.806589	-0.805917	0.738994	0.805918
10.373	-0.579664	-0.583128	-0.81301	-0.81238	0.743702	0.812382
10.384	-0.571458	-0.574157	-0.819341	-0.818745	0.74841	0.818747
10.395	-0.563199	-0.565116	-0.825582	-0.825012	0.753118	0.825013
10.406	-0.554889	-0.556007	-0.831732	-0.831178	0.757826	0.83118
10.417	-0.546527	-0.546831	-0.837789	-0.837243	0.762534	0.837245
10.428	-0.538108	-0.537588	-0.843755	-0.843208	0.768637	0.84321
10.439	-0.529615	-0.528281	-0.849627	-0.84907	0.775555	0.849073
10.45	-0.521046	-0.518909	-0.855406	-0.85483	0.782472	0.854832
10.461	-0.512401	-0.509475	-0.86109	-0.860486	0.789389	0.860489
10.472	-0.50368	-0.499979	-0.866679	-0.866038	0.796306	0.866041
10.483	-0.494882	-0.490422	-0.872171	-0.871485	0.803224	0.871489
10.494	-0.486009	-0.480806	-0.877566	-0.876827	0.810141	0.876831
10.505	-0.477059	-0.471132	-0.882863	-0.882063	0.817058	0.882067
10.516	-0.468034	-0.461401	-0.888061	-0.887192	0.823976	0.887196
10.527	-0.458932	-0.451614	-0.893159	-0.892213	0.830893	0.892218
10.538	-0.449754	-0.441773	-0.898157	-0.897127	0.83781	0.897132
10.549	-0.4405	-0.431878	-0.903054	-0.901932	0.844727	0.901937
10.56	-0.43117	-0.421931	-0.907848	-0.906628	0.851645	0.906633
10.571	-0.421764	-0.411932	-0.912539	-0.911214	0.858562	0.91122
10.582	-0.412282	-0.401884	-0.917126	-0.91569	0.865479	0.915696
10.593	-0.402723	-0.391787	-0.921609	-0.920056	0.872396	0.920062
10.604	-0.393089	-0.381643	-0.925986	-0.92431	0.879314	0.924316
10.615	-0.383378	-0.371453	-0.930257	-0.928452	0.886231	0.928458
10.626	-0.373592	-0.361218	-0.93442	-0.932481	0.893148	0.932488
10.637	-0.363729	-0.350939	-0.938475	-0.936398	0.900065	0.936405
10.648	-0.35379	-0.340617	-0.942422	-0.940202	0.906983	0.940209
10.659	-0.343775	-0.330254	-0.946258	-0.943892	0.9139	0.943899
10.67	-0.333684	-0.319852	-0.949985	-0.947467	0.920817	0.947475
10.681	-0.323517	-0.30941	-0.953599	-0.950928	0.927735	0.950936
10.692	-0.313274	-0.298932	-0.957102	-0.954274	0.934652	0.954282
10.703	-0.302955	-0.288417	-0.960491	-0.957505	0.941569	0.957512
10.714	-0.29256	-0.277867	-0.963766	-0.960619	0.948486	0.960627
10.725	-0.282088	-0.267283	-0.966927	-0.963618	0.955404	0.963625
10.736	-0.271541	-0.256667	-0.969972	-0.966499	0.962321	0.966507
10.747	-0.260917	-0.24602	-0.972901	-0.969264	0.969238	0.969271
10.758	-0.250218	-0.235344	-0.975712	-0.971912	0.976155	0.971918
10.769	-0.239442	-0.224639	-0.978405	-0.974442	0.983073	0.974448
10.78	-0.22859	-0.213906	-0.980979	-0.976854	0.98999	0.97686
10.791	-0.217662	-0.203148	-0.983434	-0.979148	0.996907	0.979153
10.802	-0.206658	-0.192365	-0.985768	-0.981323	1.00382	0.981328
10.813	-0.195578	-0.181559	-0.98798	-0.983379	1.01074	0.983383
10.824	-0.184422	-0.170731	-0.99007	-0.985317	1.01766	0.98532
10.835	-0.17319	-0.159883	-0.992037	-0.987135	1.02458	0.987138
10.846	-0.161881	-0.149015	-0.99388	-0.988834	1.03149	0.988835
10.857	-0.150497	-0.138129	-0.995598	-0.990414	1.03841	0.990413
10.868	-0.139036	-0.127226	-0.997191	-0.991873	1.04533	0.991871
10.879	-0.127499	-0.116308	-0.998657	-0.993213	1.05225	0.993209
10.89	-0.115887	-0.105376	-0.999995	-0.994432	1.05916	0.994426
10.901	-0.104198	-0.0944312	-1.00121	-0.995531	1.06608	0.995523
10.912	-0.0924329	-0.083475	-1.00229	-0.996509	1.073	0.9965
10.923	-0.0805919	-0.0725087	-1.00324	-0.997367	1.07991	0.997355
10.934	-0.0686748	-0.0615336	-1.00406	-0.998105	1.08683	0.998089
10.945	-0.0566816	-0.0505512	-1.00475	-0.998721	1.09375	0.998703
10.956	-0.0446123	-0.0395626	-1.00531	-0.999217	1.10067	0.999195
10.967	-0.032467	-0.0285693	-1.00573	-0.999591	1.10758	0.999566
10.978	-0.0202455	-0.0175726	-1.00602	-0.999845	1.1145	0.999815
10.989	-0.00794794	-0.00657383	-1.00618	-0.999978	1.12142	0.999944
11	0.0044257	0.0044257	-1.0062	-0.99999	1.12834	0.999951
