0	1	1	0	0	-0.171846	-0.171846
0.011	0.998109	0.998109	0.0109896	0.0109896	-0.171965	-0.171965
0.022	0.996216	0.996216	0.0219584	0.0219584	-0.172321	-0.172321
0.033	0.994317	0.994317	0.0329063	0.0329063	-0.172915	-0.172915
0.044	0.992411	0.992411	0.0438333	0.0438333	-0.173746	-0.173746
0.055	0.990494	0.990494	0.0547393	0.0547393	-0.174814	-0.174814
0.066	0.988564	0.988564	0.0656242	0.0656242	-0.17612	-0.17612
0.077	0.986619	0.986619	0.0764877	0.0764877	-0.177664	-0.177664
0.088	0.984655	0.984655	0.0873297	0.0873297	-0.179445	-0.179445
0.099	0.98267	0.98267	0.09815	0.09815	-0.181463	-0.181463
0.11	0.980662	0.980662	0.108948	0.108948	-0.183719	-0.183719
0.121	0.978627	0.978627	0.119724	0.119724	-0.186213	-0.186213
0.132	0.976564	0.976564	0.130478	0.130478	-0.188943	-0.188943
0.143	0.97447	0.97447	0.141209	0.141209	-0.191912	-0.191912
0.154	0.972341	0.972341	0.151916	0.151916	-0.195117	-0.195117
0.165	0.970176	0.970176	0.1626	0.1626	-0.198561	-0.198561
0.176	0.967972	0.967972	0.17326	0.17326	-0.202241	-0.202241
0.187	0.965726	0.965726	0.183895	0.183895	-0.206159	-0.206159
0.198	0.963436	0.963436	0.194506	0.194506	-0.210315	-0.210315
0.209	0.961098	0.961098	0.205091	0.205091	-0.214708	-0.214708
0.22	0.958711	0.958711	0.21565	0.21565	-0.219339	-0.219339
0.231	0.956272	0.956272	0.226182	0.226182	-0.224207	-0.224207
0.242	0.953778	0.953778	0.236688	0.236688	-0.229312	-0.229312
0.253	0.951226	0.951226	0.247165	0.247165	-0.234655	-0.234655
0.264	0.948614	0.948614	0.257614	0.257614	-0.240235	-0.240235
0.275	0.94594	0.94594	0.268034	0.268034	-0.246053	-0.246053
0.286	0.9432	0.9432	0.278425	0.278425	-0.252109	-0.252109
0.297	0.940393	0.940393	0.288785	0.288785	-0.258401	-0.258401
0.308	0.937515	0.937515	0.299113	0.299113	-0.264931	-0.264931
0.319	0.934563	0.934563	0.30941	0.30941	-0.271699	-0.271699
0.33	0.931536	0.931536	0.319673	0.319673	-0.278704	-0.278704
0.341	0.928431	0.928431	0.329903	0.329903	-0.285947	-0.285947
0.352	0.925245	0.925245	0.340098	0.340098	-0.293427	-0.293427
0.363	0.921975	0.921975	0.350258	0.350258	-0.301145	-0.301145
0.374	0.918619	0.918619	0.360382	0.360382	-0.3091	-0.3091
0.385	0.915174	0.915174	0.370467	0.370467	-0.317292	-0.317292
0.396	0.911637	0.911637	0.380515	0.380515	-0.325722	-0.325722
0.407	0.908007	0.908007	0.390523	0.390523	-0.334389	-0.334389
0.418	0.90428	0.90428	0.400491	0.400491	-0.343294	-0.343294
0.429	0.900454	0.900454	0.410417	0.410417	-0.352436	-0.352436
0.44	0.896525	0.896525	0.4203	0.4203	-0.361816	-0.361816
0.451	0.892493	0.892493	0.43014	0.43014	-0.371433	-0.371433
0.462	0.888353	0.888353	0.439935	0.439935	-0.381288	-0.381288
0.473	0.884104	0.884104	0.449684	0.449684	-0.39138	-0.39138
0.484	0.879742	0.879742	0.459385	0.459385	-0.40171	-0.40171
0.495	0.875265	0.875265	0.469037	0.469037	-0.412277	-0.412277
0.506	0.870671	0.870671	0.47864	0.47864	-0.423082	-0.423082
0.517	0.865956	0.865956	0.488192	0.488192	-0.434124	-0.434124
0.528	0.861119	0.861119	0.497691	0.497691	-0.445403	-0.445403
0.539	0.856157	0.856157	0.507136	0.507136	-0.45692	-0.45692
0.55	0.851066	0.851066	0.516526	0.516526	-0.468674	-0.468674
0.561	0.845845	0.845845	0.525859	0.525859	-0.480666	-0.480666
0.572	0.840491	0.840491	0.535134	0.535134	-0.492896	-0.492896
0.583	0.835	0.835	0.544349	0.544349	-0.505335	-0.505335
0.594	0.829374	0.829374	0.553503	0.553503	-0.517688	-0.517688
0.605	0.823612	0.823612	0.562595	0.562595	-0.529875	-0.529875
0.616	0.817717	0.817717	0.571622	0.571622	-0.541895	-0.541895
0.627	0.811691	0.811691	0.580584	0.580584	-0.553748	-0.553748
0.638	0.805535	0.805535	0.589479	0.589479	-0.565435	-0.565435
0.649	0.799252	0.799252	0.598305	0.598305	-0.576955	-0.576955
0.66	0.792843	0.792843	0.607062	0.607062	-0.588308	-0.588308
0.671	0.78631	0.78631	0.615748	0.615748	-0.599495	-0.599495
0.682	0.779654	0.779654	0.62436	0.62436	-0.610515	-0.610515
0.693	0.772879	0.772879	0.6329	0.6329	-0.621368	-0.621368
0.704	0.765985	0.765985	0.641363	0.641363	-0.632055	-0.632055
0.715	0.758974	0.758974	0.649751	0.649751	-0.642575	-0.642575
0.726	0.751849	0.751849	0.65806	0.65806	-0.652928	-0.652928
0.737	0.744611	0.744611	0.666291	0.666291	-0.663115	-0.663115
0.748	0.737261	0.737261	0.674441	0.674441	-0.673135	-0.673135
0.759	0.729802	0.729802	0.68251	0.68251	-0.682989	-0.682989
0.77	0.722236	0.722236	0.690497	0.690497	-0.692675	-0.692675
0.781	0.714564	0.714564	0.698399	0.698399	-0.702196	-0.702196
0.792	0.706788	0.706788	0.706217	0.706217	-0.711549	-0.711549
0.803	0.69891	0.69891	0.713948	0.713948	-0.720736	-0.720736
0.814	0.690933	0.690933	0.721592	0.721592	-0.729756	-0.729756
0.825	0.682856	0.682856	0.729148	0.729148	-0.738609	-0.738609
0.836	0.674684	0.674684	0.736615	0.736615	-0.747296	-0.747296
0.847	0.666417	0.666417	0.743991	0.743991	-0.755816	-0.755816
0.858	0.658056	0.658056	0.751276	0.751276	-0.76417	-0.76417
0.869	0.649605	0.649605	0.758468	0.758468	-0.772357	-0.772357
0.88	0.641065	0.641065	0.765567	0.765567	-0.780377	-0.780377
0.891	0.632438	0.632438	0.772571	0.772571	-0.78823	-0.78823
0.902	0.623725	0.623725	0.77948	0.77948	-0.795917	-0.795917
0.913	0.614928	0.614928	0.786293	0.786293	-0.803437	-0.803437
0.924	0.60605	0.60605	0.793008	0.793008	-0.810791	-0.810791
0.935	0.597091	0.597091	0.799625	0.799625	-0.817978	-0.817978
0.946	0.588055	0.588055	0.806144	0.806144	-0.824998	-0.824998
0.957	0.578942	0.578942	0.812562	0.812562	-0.831852	-0.831852
0.968	0.569755	0.569755	0.81888	0.81888	-0.838538	-0.838538
0.979	0.560495	0.560495	0.825097	0.825097	-0.845059	-0.845059
0.99	0.551164	0.551164	0.831211	0.831211	-0.851412	-0.851412
1.001	0.541764	0.541764	0.837222	0.837222	-0.857599	-0.857599
1.012	0.532297	0.532297	0.843129	0.843129	-0.86362	-0.86362
1.023	0.522765	0.522765	0.848932	0.848932	-0.869473	-0.869473
1.034	0.51317	0.51317	0.85463	0.85463	-0.87516	-0.87516
1.045	0.503512	0.503512	0.860222	0.860222	-0.88068	-0.88068
1.056	0.493795	0.493795	0.865707	0.865707	-0.886034	-0.886034
1.067	0.48402	0.48402	0.871085	0.871085	-0.891221	-0.891221
1.078	0.474189	0.474189	0.876355	0.876355	-0.896241	-0.896241
1.089	0.464304	0.464304	0.881517	0.881517	-0.901095	-0.901095
1.1	0.454366	0.454366	0.88657	0.88657	-0.905782	-0.905782
1.111	0.444377	0.444377	0.891513	0.891513	-0.910302	-0.910302
1.122	0.43434	0.43434	0.896346	0.896346	-0.914656	-0.914656
1.133	0.424255	0.424255	0.901068	0.901068	-0.918843	-0.918843
1.144	0.414126	0.414126	0.905679	0.905679	-0.922863	-0.922863
1.155	0.403953	0.403953	0.910179	0.910179	-0.926717	-0.926717
1.166	0.393738	0.393738	0.914566	0.914566	-0.930422	-0.930422
1.177	0.383484	0.383484	0.918841	0.918841	-0.934022	-0.934022
1.188	0.37319	0.37319	0.923003	0.923003	-0.93752	-0.93752
1.199	0.362859	0.362859	0.927051	0.927051	-0.940915	-0.940915
1.21	0.352491	0.352491	0.930985	0.930985	-0.944209	-0.944209
1.221	0.342087	0.342087	0.934806	0.934806	-0.9474	-0.9474
1.232	0.331648	0.331648	0.938511	0.938511	-0.950489	-0.950489
1.243	0.321176	0.321176	0.942102	0.942102	-0.953476	-0.953476
1.254	0.310672	0.310672	0.945577	0.945577	-0.956361	-0.956361
1.265	0.300137	0.300137	0.948937	0.948937	-0.959144	-0.959144
1.276	0.289571	0.289571	0.95218	0.95218	-0.961824	-0.961824
1.287	0.278977	0.278977	0.955307	0.955307	-0.964402	-0.964402
1.298	0.268355	0.268355	0.958317	0.958317	-0.966878	-0.966878
1.309	0.257706	0.257706	0.961211	0.961211	-0.969252	-0.969252
1.32	0.247032	0.247032	0.963987	0.963987	-0.971524	-0.971524
1.331	0.236333	0.236333	0.966645	0.966645	-0.973693	-0.973693
1.342	0.225611	0.225611	0.969186	0.969186	-0.975761	-0.975761
1.353	0.214866	0.214866	0.971609	0.971609	-0.977726	-0.977726
1.364	0.204101	0.204101	0.973913	0.973913	-0.979589	-0.979589
1.375	0.193316	0.193316	0.976099	0.976099	-0.981349	-0.981349
1.386	0.182512	0.182512	0.978166	0.978166	-0.983008	-0.983008
1.397	0.17169	0.17169	0.980114	0.980114	-0.984564	-0.984564
1.408	0.160852	0.160852	0.981943	0.981943	-0.986018	-0.986018
1.419	0.149998	0.149998	0.983653	0.983653	-0.98737	-0.98737
1.43	0.13913	0.13913	0.985243	0.985243	-0.98862	-0.98862
1.441	0.128249	0.128249	0.986713	0.986713	-0.989768	-0.989768
1.452	0.117355	0.117355	0.988064	0.988064	-0.990813	-0.990813
1.463	0.106451	0.106451	0.989295	0.989295	-0.991756	-0.991756
1.474	0.0955372	0.0955372	0.990406	0.990406	-0.992597	-0.992597
1.485	0.0846145	0.0846145	0.991397	0.991397	-0.993336	-0.993336
1.496	0.0736842	0.0736842	0.992268	0.992268	-0.993973	-0.993973
1.507	0.0627474	0.0627474	0.993018	0.993018	-0.994507	-0.994507
1.518	0.0518054	0.0518054	0.993648	0.993648	-0.99494	-0.99494
1.529	0.0408591	0.0408591	0.994158	0.994158	-0.99527	-0.99527
1.54	0.0299098	0.0299098	0.994547	0.994547	-0.995498	-0.995498
1.551	0.0189586	0.0189586	0.994816	0.994816	-0.995623	-0.995623
1.562	0.00800649	0.00800649	0.994964	0.994964	-0.995647	-0.995647
1.573	-0.00294529	-0.00294529	0.994992	0.994992	-0.995568	-0.995568
1.584	-0.0138956	-0.0138956	0.994899	0.994899	-0.995387	-0.995387
1.595	-0.0248434	-0.0248434	0.994686	0.994686	-0.995104	-0.995104
1.606	-0.0357876	-0.0357876	0.994353	0.994353	-0.994719	-0.994719
1.617	-0.0467269	-0.0467269	0.993899	0.993899	-0.994231	-0.994231
1.628	-0.0576603	-0.0576603	0.993325	0.993325	-0.993642	-0.993642
1.639	-0.0685866	-0.0685866	0.99263	0.99263	-0.99295	-0.99295
1.65	-0.0795048	-0.0795048	0.991816	0.991816	-0.992156	-0.992156
1.661	-0.0904137	-0.0904137	0.990881	0.990881	-0.99126	-0.99126
1.672	-0.101312	-0.101312	0.989827	0.989827	-0.990261	-0.990261
1.683	-0.112199	-0.112199	0.988653	0.988653	-0.989161	-0.989161
1.694	-0.123073	-0.123073	0.987359	0.987359	-0.987958	-0.987958
1.705	-0.133934	-0.133934	0.985945	0.985945	-0.986653	-0.986653
1.716	-0.144779	-0.144779	0.984412	0.984412	-0.985246	-0.985246
1.727	-0.155609	-0.155609	0.98276	0.98276	-0.983737	-0.983737
1.738	-0.166421	-0.166421	0.980989	0.980989	-0.982125	-0.982125
1.749	-0.177215	-0.177215	0.979099	0.979099	-0.980403	-0.980403
1.76	-0.18799	-0.18799	0.97709	0.97709	-0.978566	-0.978566
1.771	-0.198743	-0.198743	0.974963	0.974963	-0.976614	-0.976614
1.782	-0.209475	-0.209475	0.972718	0.972718	-0.974546	-0.974546
1.793	-0.220183	-0.220183	0.970355	0.970355	-0.972362	-0.972362
1.804	-0.230866	-0.230866	0.967874	0.967874	-0.970063	-0.970063
1.815	-0.241524	-0.241524	0.965276	0.965276	-0.967649	-0.967649
1.826	-0.252154	-0.252154	0.96256	0.96256	-0.96512	-0.96512
1.837	-0.262756	-0.262756	0.959728	0.959728	-0.962474	-0.962474
1.848	-0.273328	-0.273328	0.95678	0.95678	-0.959714	-0.959714
1.859	-0.283869	-0.283869	0.953715	0.953715	-0.956838	-0.956838
1.87	-0.294378	-0.294378	0.950535	0.950535	-0.953847	-0.953847
1.881	-0.304853	-0.304853	0.947239	0.947239	-0.95074	-0.95074
1.892	-0.315294	-0.315294	0.943828	0.943828	-0.947518	-0.947518
1.903	-0.325698	-0.325698	0.940303	0.940303	-0.94418	-0.94418
1.914	-0.336065	-0.336065	0.936663	0.936663	-0.940727	-0.940727
1.925	-0.346394	-0.346394	0.932909	0.932909	-0.937159	-0.937159
1.936	-0.356683	-0.356683	0.929042	0.929042	-0.933475	-0.933475
1.947	-0.36693	-0.36693	0.925063	0.925063	-0.929676	-0.929676
1.958	-0.377135	-0.377135	0.92097	0.92097	-0.925761	-0.925761
1.969	-0.387296	-0.387296	0.916766	0.916766	-0.921731	-0.921731
1.98	-0.397413	-0.397413	0.91245	0.91245	-0.917586	-0.917586
1.991	-0.407483	-0.407483	0.908023	0.908023	-0.913325	-0.913325
2.002	-0.417505	-0.417505	0.903485	0.903485	-0.908948	-0.908948
2.013	-0.427479	-0.427479	0.898838	0.898838	-0.904457	-0.904457
2.024	-0.437403	-0.437403	0.894081	0.894081	-0.899849	-0.899849
2.035	-0.447275	-0.447275	0.889215	0.889215	-0.895127	-0.895127
2.046	-0.457095	-0.457095	0.884241	0.884241	-0.890289	-0.890289
2.057	-0.466861	-0.466861	0.879159	0.879159	-0.885335	-0.885335
2.068	-0.476572	-0.476572	0.87397	0.87397	-0.880267	-0.880267
2.079	-0.486227	-0.486227	0.868675	0.868675	-0.875082	-0.875082
2.09	-0.495824	-0.495824	0.863274	0.863274	-0.869783	-0.869783
2.101	-0.505362	-0.505362	0.857767	0.857767	-0.864368	-0.864368
2.112	-0.514839	-0.514839	0.852156	0.852156	-0.858837	-0.858837
2.123	-0.524256	-0.524256	0.846441	0.846441	-0.853191	-0.853191
2.134	-0.533609	-0.533609	0.840623	0.840623	-0.84743	-0.84743
2.145	-0.542899	-0.542899	0.834702	0.834702	-0.841553	-0.841553
2.156	-0.552123	-0.552123	0.828679	0.828679	-0.835561	-0.835561
2.167	-0.561281	-0.561281	0.822555	0.822555	-0.829453	-0.829453
2.178	-0.57037	-0.57037	0.816331	0.816331	-0.82323	-0.82323
2.189	-0.579391	-0.579391	0.810007	0.810007	-0.816892	-0.816892
2.2	-0.588342	-0.588342	0.803585	0.803585	-0.810438	-0.810438
2.211	-0.59722	-0.59722	0.797064	0.797064	-0.803869	-0.803869
2.222	-0.606026	-0.606026	0.790446	0.790446	-0.797184	-0.797184
2.233	-0.614758	-0.614758	0.783732	0.783732	-0.790384	-0.790384
2.244	-0.623414	-0.623414	0.776922	0.776922	-0.783468	-0.783468
2.255	-0.631994	-0.631994	0.770017	0.770017	-0.776437	-0.776437
2.266	-0.640496	-0.640496	0.763018	0.763018	-0.769291	-0.769291
2.277	-0.648918	-0.648918	0.755926	0.755926	-0.762029	-0.762029
2.288	-0.65726	-0.65726	0.748742	0.748742	-0.754652	-0.754652
2.299	-0.66552	-0.66552	0.741467	0.741467	-0.74716	-0.74716
2.31	-0.673697	-0.673697	0.734101	0.734101	-0.739552	-0.739552
2.321	-0.68179	-0.68179	0.726646	0.726646	-0.731834	-0.731834
2.332	-0.689797	-0.689797	0.719102	0.719102	-0.724048	-0.724048
2.343	-0.697718	-0.697718	0.711471	0.711471	-0.716201	-0.716201
2.354	-0.705553	-0.705553	0.703753	0.703753	-0.708292	-0.708292
2.365	-0.713301	-0.713301	0.695949	0.695949	-0.700322	-0.700322
2.376	-0.72096	-0.72096	0.68806	0.68806	-0.69229	-0.69229
2.387	-0.728531	-0.728531	0.680088	0.680088	-0.684198	-0.684198
2.398	-0.736012	-0.736012	0.672033	0.672033	-0.676044	-0.676044
2.409	-0.743404	-0.743404	0.663896	0.663896	-0.667829	-0.667829
2.42	-0.750704	-0.750704	0.655678	0.655678	-0.659552	-0.659552
2.431	-0.757913	-0.757913	0.647381	0.647381	-0.651215	-0.651215
2.442	-0.765031	-0.765031	0.639005	0.639005	-0.642816	-0.642816
2.453	-0.772055	-0.772055	0.630551	0.630551	-0.634355	-0.634355
2.464	-0.778986	-0.778986	0.62202	0.62202	-0.625834	-0.625834
2.475	-0.785823	-0.785823	0.613413	0.613413	-0.617251	-0.617251
2.486	-0.792566	-0.792566	0.604732	0.604732	-0.608607	-0.608607
2.497	-0.799212	-0.799212	0.595977	0.595977	-0.599901	-0.599901
2.508	-0.805763	-0.805763	0.58715	0.58715	-0.591135	-0.591135
2.519	-0.812217	-0.812217	0.578251	0.578251	-0.582307	-0.582307
2.53	-0.818574	-0.818574	0.569281	0.569281	-0.573417	-0.573417
2.541	-0.824832	-0.824832	0.560242	0.560242	-0.564467	-0.564467
2.552	-0.830992	-0.830992	0.551135	0.551135	-0.555455	-0.555455
2.563	-0.837052	-0.837052	0.541961	0.541961	-0.546382	-0.546382
2.574	-0.843012	-0.843012	0.532721	0.532721	-0.537247	-0.537247
2.585	-0.848871	-0.848871	0.523415	0.523415	-0.528051	-0.528051
2.596	-0.854629	-0.854629	0.514046	0.514046	-0.518794	-0.518794
2.607	-0.860284	-0.860284	0.504614	0.504614	-0.509476	-0.509476
2.618	-0.865837	-0.865837	0.49512	0.49512	-0.500096	-0.500096
2.629	-0.871286	-0.871286	0.485566	0.485566	-0.490656	-0.490656
2.64	-0.876631	-0.876631	0.475952	0.475952	-0.481153	-0.481153
2.651	-0.881871	-0.881871	0.46628	0.46628	-0.47159	-0.47159
2.662	-0.887006	-0.887006	0.456551	0.456551	-0.461965	-0.461965
2.673	-0.892034	-0.892034	0.446766	0.446766	-0.452279	-0.452279
2.684	-0.896956	-0.896956	0.436927	0.436927	-0.442532	-0.442532
2.695	-0.90177	-0.90177	0.427034	0.427034	-0.432723	-0.432723
2.706	-0.906476	-0.906476	0.417088	0.417088	-0.422853	-0.422853
2.717	-0.911072	-0.911072	0.407092	0.407092	-0.412922	-0.412922
2.728	-0.91556	-0.91556	0.397045	0.397045	-0.40293	-0.40293
2.739	-0.919937	-0.919937	0.38695	0.38695	-0.392876	-0.392876
2.75	-0.924203	-0.924203	0.376807	0.376807	-0.382761	-0.382761
2.761	-0.928357	-0.928357	0.366618	0.366618	-0.372585	-0.372585
2.772	-0.932399	-0.932399	0.356383	0.356383	-0.362347	-0.362347
2.783	-0.936329	-0.936329	0.346105	0.346105	-0.352048	-0.352048
2.794	-0.940144	-0.940144	0.335785	0.335785	-0.341688	-0.341688
2.805	-0.943845	-0.943845	0.325423	0.325423	-0.331267	-0.331267
2.816	-0.947432	-0.947432	0.31502	0.31502	-0.320784	-0.320784
2.827	-0.950903	-0.950903	0.304579	0.304579	-0.31024	-0.31024
2.838	-0.954257	-0.954257	0.294101	0.294101	-0.299635	-0.299635
2.849	-0.957494	-0.957494	0.283586	0.283586	-0.288968	-0.288968
2.86	-0.960614	-0.960614	0.273037	0.273037	-0.27824	-0.27824
2.871	-0.963615	-0.963615	0.262453	0.262453	-0.267451	-0.267451
2.882	-0.966498	-0.966498	0.251837	0.251837	-0.2566	-0.2566
2.893	-0.96926	-0.96926	0.241191	0.241191	-0.245689	-0.245689
2.904	-0.971903	-0.971903	0.230514	0.230514	-0.234739	-0.234739
2.915	-0.974425	-0.974425	0.219809	0.219809	-0.223794	-0.223794
2.926	-0.976826	-0.976826	0.209077	0.209077	-0.212853	-0.212853
2.937	-0.979107	-0.979107	0.19832	0.19832	-0.201917	-0.201917
2.948	-0.981268	-0.981268	0.187537	0.187537	-0.190986	-0.190986
2.959	-0.983309	-0.983309	0.176732	0.176732	-0.18006	-0.18006
2.97	-0.98523	-0.98523	0.165905	0.165905	-0.169139	-0.169139
2.981	-0.98703	-0.98703	0.155057	0.155057	-0.158222	-0.158222
2.992	-0.988711	-0.988711	0.144191	0.144191	-0.147311	-0.147311
3.003	-0.990271	-0.990271	0.133306	0.133306	-0.136404	-0.136404
3.014	-0.991711	-0.991711	0.122405	0.122405	-0.125502	-0.125502
3.025	-0.993032	-0.993032	0.111489	0.111489	-0.114605	-0.114605
3.036	-0.994233	-0.994233	0.100559	0.100559	-0.103713	-0.103713
3.047	-0.995314	-0.995314	0.0896164	0.0896164	-0.0928253	-0.0928253
3.058	-0.996275	-0.996275	0.0786625	0.0786625	-0.0819428	-0.0819428
3.069	-0.997117	-0.997117	0.0676987	0.0676987	-0.0710652	-0.0710652
3.08	-0.997838	-0.997838	0.0567264	0.0567264	-0.0601924	-0.0601924
3.091	-0.998441	-0.998441	0.0457467	0.0457467	-0.0493245	-0.0493245
3.102	-0.998924	-0.998924	0.0347611	0.0347611	-0.0384614	-0.0384614
3.113	-0.999287	-0.999287	0.0237709	0.0237709	-0.0276031	-0.0276031
3.124	-0.999531	-0.999531	0.0127773	0.0127773	-0.0167498	-0.0167498
3.135	-0.999655	-0.999655	0.00178162	0.00178162	-0.00590122	-0.00590122
3.146	-0.999661	-0.999661	-0.00921473	-0.00921473	0.00494247	0.00494247
3.157	-0.999547	-0.999547	-0.0202105	-0.0202105	0.0157813	0.0157813
3.168	-0.999314	-0.999314	-0.0312043	-0.0312043	0.0266153	0.0266153
3.179	-0.998961	-0.998961	-0.0421949	-0.0421949	0.0374444	0.0374444
3.19	-0.99849	-0.99849	-0.053181	-0.053181	0.0482687	0.0482687
3.201	-0.997899	-0.997899	-0.0641613	-0.0641613	0.0590881	0.0590881
3.212	-0.99719	-0.99719	-0.0751344	-0.0751344	0.0699027	0.0699027
3.223	-0.996361	-0.996361	-0.086099	-0.086099	0.0807125	0.0807125
3.234	-0.995414	-0.995414	-0.0970539	-0.0970539	0.0915173	0.0915173
3.245	-0.994348	-0.994348	-0.107998	-0.107998	0.102317	0.102317
3.256	-0.993163	-0.993163	-0.118929	-0.118929	0.113113	0.113113
3.267	-0.99186	-0.99186	-0.129847	-0.129847	0.123903	0.123903
3.278	-0.990437	-0.990437	-0.14075	-0.14075	0.134688	0.134688
3.289	-0.988897	-0.988897	-0.151636	-0.151636	0.145469	0.145469
3.3	-0.987237	-0.987237	-0.162505	-0.162505	0.156245	0.156245
3.311	-0.985459	-0.985459	-0.173355	-0.173355	0.167016	0.167016
3.322	-0.983563	-0.983563	-0.184185	-0.184185	0.177782	0.177782
3.333	-0.981548	-0.981548	-0.194993	-0.194993	0.188543	0.188543
3.344	-0.979415	-0.979415	-0.205778	-0.205778	0.199299	0.199299
3.355	-0.977163	-0.977163	-0.216539	-0.216539	0.210051	0.210051
3.366	-0.974794	-0.974794	-0.227275	-0.227275	0.220798	0.220798
3.377	-0.972306	-0.972306	-0.237984	-0.237984	0.231539	0.231539
3.388	-0.9697	-0.9697	-0.248666	-0.248666	0.242276	0.242276
3.399	-0.966976	-0.966976	-0.259317	-0.259317	0.253008	0.253008
3.41	-0.964134	-0.964134	-0.269939	-0.269939	0.263736	0.263736
3.421	-0.961174	-0.961174	-0.280528	-0.280528	0.274458	0.274458
3.432	-0.958096	-0.958096	-0.291084	-0.291084	0.285176	0.285176
3.443	-0.9549	-0.9549	-0.301606	-0.301606	0.295888	0.295888
3.454	-0.951586	-0.951586	-0.312091	-0.312091	0.306596	0.306596
3.465	-0.948155	-0.948155	-0.32254	-0.32254	0.317299	0.317299
3.476	-0.944606	-0.944606	-0.33295	-0.33295	0.327996	0.327996
3.487	-0.940939	-0.940939	-0.343321	-0.343321	0.338642	0.338642
3.498	-0.937156	-0.937156	-0.353651	-0.353651	0.349216	0.349216
3.509	-0.933256	-0.933256	-0.363938	-0.363938	0.359719	0.359719
3.52	-0.929242	-0.929242	-0.374182	-0.374182	0.370151	0.370151
3.531	-0.925113	-0.925113	-0.384381	-0.384381	0.38051	0.38051
3.542	-0.920871	-0.920871	-0.394534	-0.394534	0.390798	0.390798
3.553	-0.916516	-0.916516	-0.40464	-0.40464	0.401015	0.401015
3.564	-0.912049	-0.912049	-0.414697	-0.414697	0.41116	0.41116
3.575	-0.907471	-0.907471	-0.424704	-0.424704	0.421234	0.421234
3.586	-0.902782	-0.902782	-0.434661	-0.434661	0.431236	0.431236
3.597	-0.897984	-0.897984	-0.444565	-0.444565	0.441166	0.441166
3.608	-0.893077	-0.893077	-0.454416	-0.454416	0.451025	0.451025
3.619	-0.888062	-0.888062	-0.464212	-0.464212	0.460813	0.460813
3.63	-0.882939	-0.882939	-0.473953	-0.473953	0.470529	0.470529
3.641	-0.87771	-0.87771	-0.483637	-0.483637	0.480173	0.480173
3.652	-0.872376	-0.872376	-0.493262	-0.493262	0.489746	0.489746
3.663	-0.866936	-0.866936	-0.502829	-0.502829	0.499247	0.499247
3.674	-0.861392	-0.861392	-0.512334	-0.512334	0.508677	0.508677
3.685	-0.855745	-0.855745	-0.521779	-0.521779	0.518035	0.518035
3.696	-0.849996	-0.849996	-0.531161	-0.531161	0.527322	0.527322
3.707	-0.844145	-0.844145	-0.540478	-0.540478	0.536537	0.536537
3.718	-0.838192	-0.838192	-0.549731	-0.549731	0.54568	0.54568
3.729	-0.83214	-0.83214	-0.558918	-0.558918	0.554752	0.554752
3.74	-0.825988	-0.825988	-0.568038	-0.568038	0.563753	0.563753
3.751	-0.819738	-0.819738	-0.57709	-0.57709	0.572682	0.572682
3.762	-0.813389	-0.813389	-0.586072	-0.586072	0.581539	0.581539
3.773	-0.806944	-0.806944	-0.594984	-0.594984	0.590325	0.590325
3.784	-0.800403	-0.800403	-0.603824	-0.603824	0.599039	0.599039
3.795	-0.793765	-0.793765	-0.612592	-0.612592	0.607682	0.607682
3.806	-0.787034	-0.787034	-0.621287	-0.621287	0.616253	0.616253
3.817	-0.780208	-0.780208	-0.629907	-0.629907	0.624753	0.624753
3.828	-0.773289	-0.773289	-0.638451	-0.638451	0.633181	0.633181
3.839	-0.766278	-0.766278	-0.646919	-0.646919	0.641538	0.641538
3.85	-0.759176	-0.759176	-0.655309	-0.655309	0.649823	0.649823
3.861	-0.751983	-0.751983	-0.66362	-0.66362	0.658036	0.658036
3.872	-0.744699	-0.744699	-0.671852	-0.671852	0.666178	0.666178
3.883	-0.737327	-0.737327	-0.680003	-0.680003	0.674249	0.674249
3.894	-0.729866	-0.729866	-0.688073	-0.688073	0.682247	0.682247
3.905	-0.722318	-0.722318	-0.69606	-0.69606	0.690175	0.690175
3.916	-0.714683	-0.714683	-0.703964	-0.703964	0.698031	0.698031
3.927	-0.706961	-0.706961	-0.711783	-0.711783	0.705815	0.705815
3.938	-0.699155	-0.699155	-0.719517	-0.719517	0.713528	0.713528
3.949	-0.691264	-0.691264	-0.727164	-0.727164	0.721169	0.721169
3.96	-0.683289	-0.683289	-0.734724	-0.734724	0.728738	0.728738
3.971	-0.675232	-0.675232	-0.742196	-0.742196	0.736236	0.736236
3.982	-0.667093	-0.667093	-0.749579	-0.749579	0.743663	0.743663
3.993	-0.658872	-0.658872	-0.756872	-0.756872	0.751018	0.751018
4.004	-0.65057	-0.65057	-0.764074	-0.764074	0.758301	0.758301
4.015	-0.642189	-0.642189	-0.771184	-0.771184	0.765513	0.765513
4.026	-0.633729	-0.633729	-0.778202	-0.778202	0.772654	0.772654
4.037	-0.625191	-0.625191	-0.785126	-0.785126	0.779723	0.779723
4.048	-0.616576	-0.616576	-0.791955	-0.791955	0.78672	0.78672
4.059	-0.607884	-0.607884	-0.79869	-0.79869	0.793639	0.793639
4.07	-0.599116	-0.599116	-0.805329	-0.805329	0.800447	0.800447
4.081	-0.590274	-0.590274	-0.81187	-0.81187	0.80714	0.80714
4.092	-0.581359	-0.581359	-0.818314	-0.818314	0.81372	0.81372
4.103	-0.572373	-0.572373	-0.82466	-0.82466	0.820185	0.820185
4.114	-0.563316	-0.563316	-0.830906	-0.830906	0.826535	0.826535
4.125	-0.554189	-0.554189	-0.837053	-0.837053	0.832772	0.832772
4.136	-0.544995	-0.544995	-0.843098	-0.843098	0.838894	0.838894
4.147	-0.535734	-0.535734	-0.849042	-0.849042	0.844901	0.844901
4.158	-0.526408	-0.526408	-0.854884	-0.854884	0.850794	0.850794
4.169	-0.517017	-0.517017	-0.860623	-0.860623	0.856573	0.856573
4.18	-0.507564	-0.507564	-0.866258	-0.866258	0.862238	0.862238
4.191	-0.498048	-0.498048	-0.871789	-0.871789	0.867788	0.867788
4.202	-0.488473	-0.488473	-0.877215	-0.877215	0.873224	0.873224
4.213	-0.478838	-0.478838	-0.882535	-0.882535	0.878546	0.878546
4.224	-0.469145	-0.469145	-0.887749	-0.887749	0.883753	0.883753
4.235	-0.459396	-0.459396	-0.892856	-0.892856	0.888846	0.888846
4.246	-0.449591	-0.449591	-0.897856	-0.897856	0.893824	0.893824
4.257	-0.439732	-0.439732	-0.902747	-0.902747	0.898689	0.898689
4.268	-0.42982	-0.42982	-0.90753	-0.90753	0.903438	0.903438
4.279	-0.419857	-0.419857	-0.912203	-0.912203	0.908074	0.908074
4.29	-0.409843	-0.409843	-0.916766	-0.916766	0.912595	0.912595
4.301	-0.39978	-0.39978	-0.921219	-0.921219	0.917002	0.917002
4.312	-0.389669	-0.389669	-0.925561	-0.925561	0.921294	0.921294
4.323	-0.379512	-0.379512	-0.929792	-0.929792	0.925472	0.925472
4.334	-0.369309	-0.369309	-0.933911	-0.933911	0.929536	0.929536
4.345	-0.359063	-0.359063	-0.937917	-0.937917	0.933486	0.933486
4.356	-0.348773	-0.348773	-0.94181	-0.94181	0.937321	0.937321
4.367	-0.338442	-0.338442	-0.94559	-0.94559	0.941041	0.941041
4.378	-0.328071	-0.328071	-0.949255	-0.949255	0.944648	0.944648
4.389	-0.31766	-0.31766	-0.952807	-0.952807	0.94814	0.94814
4.4	-0.307212	-0.307212	-0.956244	-0.956244	0.951518	0.951518
4.411	-0.296727	-0.296727	-0.959565	-0.959565	0.954781	0.954781
4.422	-0.286207	-0.286207	-0.962772	-0.962772	0.95793	0.95793
4.433	-0.275653	-0.275653	-0.965862	-0.965862	0.960965	0.960965
4.444	-0.265066	-0.265066	-0.968836	-0.968836	0.963885	0.963885
4.455	-0.254448	-0.254448	-0.971693	-0.971693	0.966691	0.966691
4.466	-0.2438	-0.2438	-0.974434	-0.974434	0.969383	0.969383
4.477	-0.233122	-0.233122	-0.977057	-0.977057	0.97196	0.97196
4.488	-0.222417	-0.222417	-0.979562	-0.979562	0.974423	0.974423
4.499	-0.211685	-0.211685	-0.98195	-0.98195	0.976772	0.976772
4.51	-0.200928	-0.200928	-0.984219	-0.984219	0.979006	0.979006
4.521	-0.190148	-0.190148	-0.98637	-0.98637	0.981126	0.981126
4.532	-0.179344	-0.179344	-0.988402	-0.988402	0.983132	0.983132
4.543	-0.168519	-0.168519	-0.990316	-0.990316	0.985023	0.985023
4.554	-0.157674	-0.157674	-0.99211	-0.99211	0.9868	0.9868
4.565	-0.14681	-0.14681	-0.993784	-0.993784	0.988462	0.988462
4.576	-0.135928	-0.135928	-0.995339	-0.995339	0.99001	0.99001
4.587	-0.12503	-0.12503	-0.996775	-0.996775	0.991444	0.991444
4.598	-0.114117	-0.114117	-0.99809	-0.99809	0.992764	0.992764
4.609	-0.10319	-0.10319	-0.999285	-0.999285	0.993969	0.993969
4.62	-0.0922499	-0.0922499	-1.00036	-1.00036	0.99506	0.99506
4.631	-0.0812988	-0.0812988	-1.00131	-1.00131	0.996036	0.996036
4.642	-0.0703375	-0.0703375	-1.00215	-1.00215	0.996896	0.996896
4.653	-0.0593675	-0.0593675	-1.00286	-1.00286	0.997636	0.997636
4.664	-0.04839	-0.04839	-1.00345	-1.00345	0.998255	0.998255
4.675	-0.0374063	-0.0374063	-1.00393	-1.00393	0.998755	0.998755
4.686	-0.0264178	-0.0264178	-1.00428	-1.00428	0.999134	0.999134
4.697	-0.0154258	-0.0154258	-1.00451	-1.00451	0.999394	0.999394
4.708	-0.00443161	-0.00443161	-1.00462	-1.00462	0.999533	0.999533
4.719	0.00656347	0.00656347	-1.00461	-1.00461	0.999552	0.999552
4.73	0.0175581	0.0175581	-1.00447	-1.00447	0.999452	0.999452
4.741	0.028551	0.028551	-1.00422	-1.00422	0.999231	0.999231
4.752	0.0395407	0.0395407	-1.00384	-1.00384	0.99889	0.99889
4.763	0.0505261	0.0505261	-1.00335	-1.00335	0.99843	0.99843
4.774	0.0615058	0.0615058	-1.00273	-1.00273	0.997849	0.997849
4.785	0.0724784	0.0724784	-1.002	-1.002	0.997148	0.997148
4.796	0.0834426	0.0834426	-1.00114	-1.00114	0.996327	0.996327
4.807	0.0943971	0.0943971	-1.00016	-1.00016	0.995386	0.995386
4.818	0.105341	0.105341	-0.999062	-0.999062	0.994326	0.994326
4.829	0.116272	0.116272	-0.997843	-0.997843	0.993145	0.993145
4.84	0.127189	0.127189	-0.996504	-0.996504	0.991844	0.991844
4.851	0.138092	0.138092	-0.995045	-0.995045	0.990423	0.990423
4.862	0.148978	0.148978	-0.993466	-0.993466	0.988882	0.988882
4.873	0.159847	0.159847	-0.991767	-0.991767	0.987221	0.987221
4.884	0.170697	0.170697	-0.989949	-0.989949	0.98544	0.98544
4.895	0.181526	0.181526	-0.988012	-0.988012	0.983538	0.983538
4.906	0.192334	0.192334	-0.985956	-0.985956	0.981517	0.981517
4.917	0.203119	0.203119	-0.983781	-0.983781	0.979376	0.979376
4.928	0.21388	0.21388	-0.981487	-0.981487	0.977115	0.977115
4.939	0.224615	0.224615	-0.979076	-0.979076	0.974734	0.974734
4.95	0.235324	0.235324	-0.976546	-0.976546	0.972232	0.972232
4.961	0.246004	0.246004	-0.973899	-0.973899	0.969611	0.969611
4.972	0.256655	0.256655	-0.971134	-0.971134	0.96687	0.96687
4.983	0.267275	0.267275	-0.968252	-0.968252	0.964008	0.964008
4.994	0.277862	0.277862	-0.965254	-0.965254	0.961027	0.961027
5.005	0.288417	0.288417	-0.962139	-0.962139	0.957925	0.957925
5.016	0.298936	0.298936	-0.958909	-0.958909	0.954704	0.954704
5.027	0.30942	0.30942	-0.955563	-0.955563	0.951362	0.951362
5.038	0.319866	0.319866	-0.952102	-0.952102	0.947901	0.947901
5.049	0.330273	0.330273	-0.948526	-0.948526	0.944319	0.944319
5.06	0.34064	0.34064	-0.944836	-0.944836	0.940618	0.940618
5.071	0.350966	0.350966	-0.941032	-0.941032	0.936796	0.936796
5.082	0.361249	0.361249	-0.937115	-0.937115	0.932855	0.932855
5.093	0.371489	0.371489	-0.933085	-0.933085	0.928793	0.928793
5.104	0.381682	0.381682	-0.928942	-0.928942	0.924611	0.924611
5.115	0.39183	0.39183	-0.924688	-0.924688	0.920309	0.920309
5.126	0.401929	0.401929	-0.920322	-0.920322	0.915888	0.915888
5.137	0.411979	0.411979	-0.915846	-0.915846	0.911346	0.911346
5.148	0.421978	0.421978	-0.911259	-0.911259	0.906684	0.906684
5.159	0.431925	0.431925	-0.906562	-0.906562	0.901902	0.901902
5.17	0.441819	0.441819	-0.901757	-0.901757	0.897	0.897
5.181	0.451659	0.451659	-0.896843	-0.896843	0.891978	0.891978
5.192	0.461442	0.461442	-0.89182	-0.89182	0.886836	0.886836
5.203	0.471169	0.471169	-0.886691	-0.886691	0.881574	0.881574
5.214	0.480837	0.480837	-0.881455	-0.881455	0.876194	0.876194
5.225	0.490445	0.490445	-0.876113	-0.876113	0.870719	0.870719
5.236	0.499992	0.499992	-0.870665	-0.870665	0.865158	0.865158
5.247	0.509478	0.509478	-0.865113	-0.865113	0.85951	0.85951
5.258	0.518901	0.518901	-0.859457	-0.859457	0.853775	0.853775
5.269	0.528261	0.528261	-0.853698	-0.853698	0.847954	0.847954
5.28	0.537556	0.537556	-0.847836	-0.847836	0.842047	0.842047
5.291	0.546785	0.546785	-0.841872	-0.841872	0.836053	0.836053
5.302	0.555949	0.555949	-0.835807	-0.835807	0.829972	0.829972
5.313	0.565044	0.565044	-0.829641	-0.829641	0.823805	0.823805
5.324	0.574072	0.574072	-0.823376	-0.823376	0.817551	0.817551
5.335	0.58303	0.58303	-0.817012	-0.817012	0.811211	0.811211
5.346	0.591918	0.591918	-0.810549	-0.810549	0.804784	0.804784
5.357	0.600735	0.600735	-0.80399	-0.80399	0.79827	0.79827
5.368	0.60948	0.60948	-0.797334	-0.797334	0.79167	0.79167
5.379	0.618152	0.618152	-0.790581	-0.790581	0.784984	0.784984
5.39	0.626749	0.626749	-0.783734	-0.783734	0.778211	0.778211
5.401	0.635272	0.635272	-0.776793	-0.776793	0.771351	0.771351
5.412	0.643719	0.643719	-0.769759	-0.769759	0.764405	0.764405
5.423	0.652088	0.652088	-0.762632	-0.762632	0.757372	0.757372
5.434	0.660381	0.660381	-0.755413	-0.755413	0.750252	0.750252
5.445	0.668594	0.668594	-0.748104	-0.748104	0.743047	0.743047
5.456	0.676727	0.676727	-0.740704	-0.740704	0.735754	0.735754
5.467	0.68478	0.68478	-0.733216	-0.733216	0.728375	0.728375
5.478	0.692751	0.692751	-0.725639	-0.725639	0.720909	0.720909
5.489	0.70064	0.70064	-0.717976	-0.717976	0.713357	0.713357
5.5	0.708445	0.708445	-0.710226	-0.710226	0.705719	0.705719
5.511	0.716165	0.716165	-0.70239	-0.70239	0.697993	0.697993
5.522	0.7238	0.7238	-0.69447	-0.69447	0.690181	0.690181
5.533	0.731349	0.731349	-0.686467	-0.686467	0.682283	0.682283
5.544	0.73881	0.73881	-0.678381	-0.678381	0.674298	0.674298
5.555	0.746183	0.746183	-0.670213	-0.670213	0.666227	0.666227
5.566	0.753467	0.753467	-0.661965	-0.661965	0.658069	0.658069
5.577	0.76066	0.76066	-0.653638	-0.653638	0.649824	0.649824
5.588	0.767763	0.767763	-0.645231	-0.645231	0.641493	0.641493
5.599	0.774773	0.774773	-0.636747	-0.636747	0.633075	0.633075
5.61	0.78169	0.78169	-0.628186	-0.628186	0.624571	0.624571
5.621	0.788513	0.788513	-0.61955	-0.61955	0.61598	0.61598
5.632	0.795241	0.795241	-0.61084	-0.61084	0.607303	0.607303
5.643	0.801873	0.801873	-0.602055	-0.602055	0.598539	0.598539
5.654	0.808409	0.808409	-0.593199	-0.593199	0.589688	0.589688
5.665	0.814846	0.814846	-0.584271	-0.584271	0.580751	0.580751
5.676	0.821185	0.821185	-0.575272	-0.575272	0.571727	0.571727
5.687	0.827424	0.827424	-0.566205	-0.566205	0.562617	0.562617
5.698	0.833562	0.833562	-0.557069	-0.557069	0.55342	0.55342
5.709	0.839599	0.839599	-0.547867	-0.547867	0.544137	0.544137
5.72	0.845533	0.845533	-0.538599	-0.538599	0.534767	0.534767
5.731	0.851363	0.851363	-0.529266	-0.529266	0.525311	0.525311
5.742	0.857089	0.857089	-0.519869	-0.519869	0.515768	0.515768
5.753	0.86271	0.86271	-0.51041	-0.51041	0.506138	0.506138
5.764	0.868224	0.868224	-0.50089	-0.50089	0.496422	0.496422
5.775	0.873631	0.873631	-0.49131	-0.49131	0.486619	0.486619
5.786	0.878929	0.878929	-0.48167	-0.48167	0.47673	0.47673
5.797	0.884119	0.884119	-0.471973	-0.471973	0.466769	0.466769
5.808	0.889198	0.889198	-0.46222	-0.46222	0.45678	0.45678
5.819	0.894168	0.894168	-0.452412	-0.452412	0.446765	0.446765
5.83	0.899027	0.899027	-0.442549	-0.442549	0.436726	0.436726
5.841	0.903776	0.903776	-0.432633	-0.432633	0.426662	0.426662
5.852	0.908413	0.908413	-0.422666	-0.422666	0.416574	0.416574
5.863	0.91294	0.91294	-0.412649	-0.412649	0.40646	0.40646
5.874	0.917356	0.917356	-0.402582	-0.402582	0.396321	0.396321
5.885	0.921659	0.921659	-0.392467	-0.392467	0.386158	0.386158
5.896	0.925851	0.925851	-0.382306	-0.382306	0.375969	0.375969
5.907	0.92993	0.92993	-0.372099	-0.372099	0.365756	0.365756
5.918	0.933897	0.933897	-0.361848	-0.361848	0.355518	0.355518
5.929	0.937752	0.937752	-0.351554	-0.351554	0.345255	0.345255
5.94	0.941493	0.941493	-0.341218	-0.341218	0.334967	0.334967
5.951	0.945121	0.945121	-0.330841	-0.330841	0.324654	0.324654
5.962	0.948635	0.948635	-0.320425	-0.320425	0.314317	0.314317
5.973	0.952036	0.952036	-0.309972	-0.309972	0.303954	0.303954
5.984	0.955322	0.955322	-0.299481	-0.299481	0.293567	0.293567
5.995	0.958494	0.958494	-0.288955	-0.288955	0.283154	0.283154
6.006	0.961551	0.961551	-0.278395	-0.278395	0.272717	0.272717
6.017	0.964494	0.964494	-0.267801	-0.267801	0.262255	0.262255
6.028	0.967321	0.967321	-0.257176	-0.257176	0.251768	0.251768
6.039	0.970033	0.970033	-0.246521	-0.246521	0.241256	0.241256
6.05	0.972629	0.972629	-0.235836	-0.235836	0.23072	0.23072
6.061	0.975108	0.975108	-0.225123	-0.225123	0.220158	0.220158
6.072	0.977472	0.977472	-0.214384	-0.214384	0.209571	0.209571
6.083	0.979719	0.979719	-0.203619	-0.203619	0.19896	0.19896
6.094	0.981849	0.981849	-0.19283	-0.19283	0.188324	0.188324
6.105	0.983862	0.983862	-0.182019	-0.182019	0.177663	0.177663
6.116	0.985757	0.985757	-0.171186	-0.171186	0.166977	0.166977
6.127	0.987535	0.987535	-0.160333	-0.160333	0.156266	0.156266
6.138	0.989195	0.989195	-0.149461	-0.149461	0.14553	0.14553
6.149	0.990737	0.990737	-0.138571	-0.138571	0.134769	0.134769
6.16	0.99216	0.99216	-0.127665	-0.127665	0.123984	0.123984
6.171	0.993464	0.993464	-0.116744	-0.116744	0.113173	0.113173
6.182	0.99465	0.99465	-0.105809	-0.105809	0.102338	0.102338
6.193	0.995716	0.995716	-0.0948619	-0.0948619	0.0914775	0.0914775
6.204	0.996662	0.996662	-0.0839037	-0.0839037	0.0805924	0.0805924
6.215	0.997489	0.997489	-0.0729358	-0.0729358	0.0696824	0.0696824
6.226	0.998195	0.998195	-0.0619594	-0.0619594	0.0587475	0.0587475
6.237	0.998781	0.998781	-0.0509759	-0.0509759	0.0477877	0.0477877
6.248	0.999246	0.999246	-0.0399867	-0.0399867	0.0368031	0.0368031
6.259	0.999591	0.999591	-0.028993	-0.028993	0.0257936	0.0257936
6.27	0.999814	0.999814	-0.0179961	-0.0179961	0.0147591	0.0147591
6.281	0.999915	0.999915	-0.00699752	-0.00699752	0.00369985	0.00369985
6.292	0.999895	0.999895	0.00400155	0.00400155	-0.00738433	-0.00738433
6.303	0.999753	0.999753	0.0149997	0.0149997	-0.0184934	-0.0184934
6.314	0.999488	0.999488	0.0259957	0.0259957	-0.0296273	-0.0296273
6.325	0.999101	0.999101	0.036988	0.036988	-0.0407862	-0.0407862
6.336	0.998591	0.998591	0.0479754	0.0479754	-0.0519699	-0.0519699
6.347	0.997957	0.997957	0.0589566	0.0589566	-0.0631785	-0.0631785
6.358	0.997201	0.997201	0.06993	0.06993	-0.074412	-0.074412
6.369	0.99632	0.99632	0.0808945	0.0808945	-0.0856702	-0.0856702
6.38	0.995316	0.995316	0.0918486	0.0918486	-0.0969149	-0.0969149
6.391	0.994188	0.994188	0.102791	0.102791	-0.108115	-0.108115
6.402	0.992938	0.992938	0.11372	0.11372	-0.11927	-0.11927
6.413	0.991564	0.991564	0.124635	0.124635	-0.13038	-0.13038
6.424	0.990069	0.990069	0.135534	0.135534	-0.141445	-0.141445
6.435	0.988453	0.988453	0.146416	0.146416	-0.152465	-0.152465
6.446	0.986715	0.986715	0.15728	0.15728	-0.16344	-0.16344
6.457	0.984857	0.984857	0.168124	0.168124	-0.17437	-0.17437
6.468	0.982879	0.982879	0.178946	0.178946	-0.185256	-0.185256
6.479	0.980782	0.980782	0.189746	0.189746	-0.196096	-0.196096
6.49	0.978565	0.978565	0.200523	0.200523	-0.206892	-0.206892
6.501	0.97623	0.97623	0.211274	0.211274	-0.217643	-0.217643
6.512	0.973777	0.973777	0.222	0.222	-0.228349	-0.228349
6.523	0.971207	0.971207	0.232697	0.232697	-0.23901	-0.23901
6.534	0.968519	0.968519	0.243366	0.243366	-0.249626	-0.249626
6.545	0.965715	0.965715	0.254004	0.254004	-0.260197	-0.260197
6.556	0.962795	0.962795	0.264611	0.264611	-0.270723	-0.270723
6.567	0.95976	0.95976	0.275185	0.275185	-0.281204	-0.281204
6.578	0.956609	0.956609	0.285725	0.285725	-0.291641	-0.291641
6.589	0.953344	0.953344	0.29623	0.29623	-0.302032	-0.302032
6.6	0.949964	0.949964	0.306698	0.306698	-0.312379	-0.312379
6.611	0.946471	0.946471	0.317129	0.317129	-0.322681	-0.322681
6.622	0.942866	0.942866	0.32752	0.32752	-0.332937	-0.332937
6.633	0.939147	0.939147	0.337872	0.337872	-0.343149	-0.343149
6.644	0.935316	0.935316	0.348181	0.348181	-0.353316	-0.353316
6.655	0.931374	0.931374	0.358448	0.358448	-0.363438	-0.363438
6.666	0.927321	0.927321	0.368671	0.368671	-0.373516	-0.373516
6.677	0.923157	0.923157	0.378849	0.378849	-0.383548	-0.383548
6.688	0.918883	0.918883	0.38898	0.38898	-0.393535	-0.393535
6.699	0.914499	0.914499	0.399064	0.399064	-0.403478	-0.403478
6.71	0.910007	0.910007	0.409099	0.409099	-0.413375	-0.413375
6.721	0.905405	0.905405	0.419084	0.419084	-0.423228	-0.423228
6.732	0.900696	0.900696	0.429017	0.429017	-0.433036	-0.433036
6.743	0.895879	0.895879	0.438899	0.438899	-0.442799	-0.442799
6.754	0.890954	0.890954	0.448726	0.448726	-0.452517	-0.452517
6.765	0.885923	0.885923	0.458499	0.458499	-0.46219	-0.46219
6.776	0.880786	0.880786	0.468216	0.468216	-0.471818	-0.471818
6.787	0.875544	0.875544	0.477876	0.477876	-0.481401	-0.481401
6.798	0.870196	0.870196	0.487478	0.487478	-0.49094	-0.49094
6.809	0.864743	0.864743	0.49702	0.49702	-0.500433	-0.500433
6.82	0.859186	0.859186	0.506502	0.506502	-0.509882	-0.509882
6.831	0.853526	0.853526	0.515922	0.515922	-0.519285	-0.519285
6.842	0.847762	0.847762	0.525279	0.525279	-0.528644	-0.528644
6.853	0.841896	0.841896	0.534572	0.534572	-0.537958	-0.537958
6.864	0.835927	0.835927	0.5438	0.5438	-0.547227	-0.547227
6.875	0.829857	0.829857	0.552962	0.552962	-0.556451	-0.556451
6.886	0.823686	0.823686	0.562057	0.562057	-0.56563	-0.56563
6.897	0.817413	0.817413	0.571083	0.571083	-0.574764	-0.574764
6.908	0.811041	0.811041	0.580039	0.580039	-0.583854	-0.583854
6.919	0.804569	0.804569	0.588925	0.588925	-0.592898	-0.592898
6.93	0.797997	0.797997	0.59774	0.59774	-0.601897	-0.601897
6.941	0.791327	0.791327	0.606481	0.606481	-0.610852	-0.610852
6.952	0.784559	0.784559	0.615148	0.615148	-0.619757	-0.619757
6.963	0.777693	0.777693	0.623741	0.623741	-0.628571	-0.628571
6.974	0.770731	0.770731	0.632257	0.632257	-0.637285	-0.637285
6.985	0.763673	0.763673	0.640697	0.640697	-0.645899	-0.645899
6.996	0.756521	0.756521	0.649058	0.649058	-0.654413	-0.654413
7.007	0.749276	0.749276	0.65734	0.65734	-0.662826	-0.662826
7.018	0.741939	0.741939	0.665541	0.665541	-0.67114	-0.67114
7.029	0.734512	0.734512	0.673662	0.673662	-0.679354	-0.679354
7.04	0.726994	0.726994	0.6817	0.6817	-0.687467	-0.687467
7.051	0.719388	0.719388	0.689656	0.689656	-0.695481	-0.695481
7.062	0.711694	0.711694	0.697527	0.697527	-0.703395	-0.703395
7.073	0.703913	0.703913	0.705313	0.705313	-0.711208	-0.711208
7.084	0.696048	0.696048	0.713012	0.713012	-0.718921	-0.718921
7.095	0.688097	0.688097	0.720625	0.720625	-0.726535	-0.726535
7.106	0.680064	0.680064	0.72815	0.72815	-0.734048	-0.734048
7.117	0.671949	0.671949	0.735586	0.735586	-0.741461	-0.741461
7.128	0.663752	0.663752	0.742933	0.742933	-0.748774	-0.748774
7.139	0.655476	0.655476	0.750189	0.750189	-0.755988	-0.755988
7.15	0.647121	0.647121	0.757353	0.757353	-0.763101	-0.763101
7.161	0.638688	0.638688	0.764425	0.764425	-0.770114	-0.770114
7.172	0.630179	0.630179	0.771404	0.771404	-0.777027	-0.777027
7.183	0.621594	0.621594	0.778289	0.778289	-0.78384	-0.78384
7.194	0.612935	0.612935	0.785079	0.785079	-0.790552	-0.790552
7.205	0.604202	0.604202	0.791773	0.791773	-0.797165	-0.797165
7.216	0.595397	0.595397	0.798371	0.798371	-0.803678	-0.803678
7.227	0.586522	0.586522	0.804871	0.804871	-0.810091	-0.810091
7.238	0.577576	0.577576	0.811274	0.811274	-0.816403	-0.816403
7.249	0.568561	0.568561	0.817578	0.817578	-0.822616	-0.822616
7.26	0.559479	0.559479	0.823782	0.823782	-0.828728	-0.828728
7.271	0.55033	0.55033	0.829886	0.829886	-0.834741	-0.834741
7.282	0.541115	0.541115	0.835889	0.835889	-0.840653	-0.840653
7.293	0.531836	0.531836	0.84179	0.84179	-0.846466	-0.846466
7.304	0.522493	0.522493	0.847589	0.847589	-0.852178	-0.852178
7.315	0.513088	0.513088	0.853285	0.853285	-0.85779	-0.85779
7.326	0.503622	0.503622	0.858877	0.858877	-0.863302	-0.863302
7.337	0.494096	0.494096	0.864365	0.864365	-0.868714	-0.868714
7.348	0.484511	0.484511	0.869747	0.869747	-0.874027	-0.874027
7.359	0.474867	0.474867	0.875024	0.875024	-0.879239	-0.879239
7.37	0.465168	0.465168	0.880194	0.880194	-0.884351	-0.884351
7.381	0.455412	0.455412	0.885257	0.885257	-0.889362	-0.889362
7.392	0.445602	0.445602	0.890213	0.890213	-0.894274	-0.894274
7.403	0.435738	0.435738	0.89506	0.89506	-0.899086	-0.899086
7.414	0.425822	0.425822	0.899799	0.899799	-0.903798	-0.903798
7.425	0.415855	0.415855	0.904428	0.904428	-0.90841	-0.90841
7.436	0.405838	0.405838	0.908947	0.908947	-0.912921	-0.912921
7.447	0.395771	0.395771	0.913356	0.913356	-0.917333	-0.917333
7.458	0.385657	0.385657	0.917654	0.917654	-0.921644	-0.921644
7.469	0.375496	0.375496	0.921841	0.921841	-0.925856	-0.925856
7.48	0.365288	0.365288	0.925915	0.925915	-0.929967	-0.929967
7.491	0.355037	0.355037	0.929877	0.929877	-0.933979	-0.933979
7.502	0.344741	0.344741	0.933726	0.933726	-0.93789	-0.93789
7.513	0.334403	0.334403	0.937461	0.937461	-0.941701	-0.941701
7.524	0.324024	0.324024	0.941082	0.941082	-0.945412	-0.945412
7.535	0.313605	0.313605	0.944589	0.944589	-0.949016	-0.949016
7.546	0.303146	0.303146	0.947981	0.947981	-0.952498	-0.952498
7.557	0.29265	0.29265	0.951258	0.951258	-0.955858	-0.955858
7.568	0.282118	0.282118	0.95442	0.95442	-0.959095	-0.959095
7.579	0.271551	0.271551	0.957465	0.957465	-0.962209	-0.962209
7.59	0.26095	0.26095	0.960394	0.960394	-0.965201	-0.965201
7.601	0.250317	0.250317	0.963206	0.963206	-0.96807	-0.96807
7.612	0.239653	0.239653	0.9659	0.9659	-0.970816	-0.970816
7.623	0.228959	0.228959	0.968478	0.968478	-0.97344	-0.97344
7.634	0.218237	0.218237	0.970937	0.970937	-0.975941	-0.975941
7.645	0.207489	0.207489	0.973279	0.973279	-0.97832	-0.97832
7.656	0.196715	0.196715	0.975502	0.975502	-0.980576	-0.980576
7.667	0.185917	0.185917	0.977607	0.977607	-0.982709	-0.982709
7.678	0.175096	0.175096	0.979592	0.979592	-0.98472	-0.98472
7.689	0.164253	0.164253	0.981459	0.981459	-0.986609	-0.986609
7.7	0.153391	0.153391	0.983206	0.983206	-0.988374	-0.988374
7.711	0.142509	0.142509	0.984833	0.984833	-0.990017	-0.990017
7.722	0.131611	0.131611	0.986341	0.986341	-0.991538	-0.991538
7.733	0.120696	0.120696	0.987728	0.987728	-0.992936	-0.992936
7.744	0.109767	0.109767	0.988996	0.988996	-0.994211	-0.994211
7.755	0.0988239	0.0988239	0.990143	0.990143	-0.995364	-0.995364
7.766	0.0878691	0.0878691	0.99117	0.99117	-0.996394	-0.996394
7.777	0.0769037	0.0769037	0.992076	0.992076	-0.997302	-0.997302
7.788	0.0659289	0.0659289	0.992862	0.992862	-0.998086	-0.998086
7.799	0.0549462	0.0549462	0.993527	0.993527	-0.998749	-0.998749
7.81	0.0439569	0.0439569	0.994071	0.994071	-0.999289	-0.999289
7.821	0.0329623	0.0329623	0.994494	0.994494	-0.999706	-0.999706
7.832	0.0219638	0.0219638	0.994796	0.994796	-1	-1
7.843	0.0109628	0.0109628	0.994977	0.994977	-1.00017	-1.00017
7.854	-3.95208e-05	-3.95208e-05	0.995037	0.995037	-1.00022	-1.00022
7.865	-0.0110417	-0.0110417	0.994976	0.994976	-1.00015	-1.00015
7.876	-0.0220423	-0.0220423	0.994794	0.994794	-0.999953	-0.999953
7.887	-0.0330402	-0.0330402	0.994491	0.994491	-0.999634	-0.999634
7.898	-0.0440338	-0.0440338	0.994067	0.994067	-0.999193	-0.999193
7.909	-0.055022	-0.055022	0.993523	0.993523	-0.99863	-0.99863
7.92	-0.0660032	-0.0660032	0.992857	0.992857	-0.997943	-0.997943
7.931	-0.0769763	-0.0769763	0.99207	0.99207	-0.997135	-0.997135
7.942	-0.0879397	-0.0879397	0.991163	0.991163	-0.996203	-0.996203
7.953	-0.0988923	-0.0988923	0.990136	0.990136	-0.995149	-0.995149
7.964	-0.109833	-0.109833	0.988988	0.988988	-0.993973	-0.993973
7.975	-0.120759	-0.120759	0.98772	0.98772	-0.992673	-0.992673
7.986	-0.131671	-0.131671	0.986331	0.986331	-0.991252	-0.991252
7.997	-0.142566	-0.142566	0.984823	0.984823	-0.989707	-0.989707
8.008	-0.153444	-0.153444	0.983195	0.983195	-0.98804	-0.98804
8.019	-0.164303	-0.164303	0.981447	0.981447	-0.986251	-0.986251
8.03	-0.175141	-0.175141	0.97958	0.97958	-0.984339	-0.984339
8.041	-0.185958	-0.185958	0.977594	0.977594	-0.982304	-0.982304
8.052	-0.196751	-0.196751	0.975489	0.975489	-0.980147	-0.980147
8.063	-0.207521	-0.207521	0.973266	0.973266	-0.977867	-0.977867
8.074	-0.218264	-0.218264	0.970924	0.970924	-0.975464	-0.975464
8.085	-0.22898	-0.22898	0.968464	0.968464	-0.972939	-0.972939
8.096	-0.239668	-0.239668	0.965886	0.965886	-0.970291	-0.970291
8.107	-0.250326	-0.250326	0.963191	0.963191	-0.967521	-0.967521
8.118	-0.260953	-0.260953	0.960379	0.960379	-0.96464	-0.96464
8.129	-0.271548	-0.271548	0.957451	0.957451	-0.961653	-0.961653
8.14	-0.282109	-0.282109	0.954405	0.954405	-0.958561	-0.958561
8.151	-0.292636	-0.292636	0.951244	0.951244	-0.955364	-0.955364
8.162	-0.303127	-0.303127	0.947968	0.947968	-0.952062	-0.952062
8.173	-0.313581	-0.313581	0.944576	0.944576	-0.948655	-0.948655
8.184	-0.323997	-0.323997	0.941069	0.941069	-0.945142	-0.945142
8.195	-0.334374	-0.334374	0.937448	0.937448	-0.941524	-0.941524
8.206	-0.34471	-0.34471	0.933713	0.933713	-0.937801	-0.937801
8.217	-0.355005	-0.355005	0.929864	0.929864	-0.933973	-0.933973
8.228	-0.365257	-0.365257	0.925903	0.925903	-0.93004	-0.93004
8.239	-0.375465	-0.375465	0.921829	0.921829	-0.926001	-0.926001
8.25	-0.385629	-0.385629	0.917643	0.917643	-0.921858	-0.921858
8.261	-0.395746	-0.395746	0.913345	0.913345	-0.917609	-0.917609
8.272	-0.405816	-0.405816	0.908937	0.908937	-0.913255	-0.913255
8.283	-0.415837	-0.415837	0.904417	0.904417	-0.908795	-0.908795
8.294	-0.425809	-0.425809	0.899788	0.899788	-0.904231	-0.904231
8.305	-0.43573	-0.43573	0.89505	0.89505	-0.899561	-0.899561
8.316	-0.445599	-0.445599	0.890202	0.890202	-0.894787	-0.894787
8.327	-0.455415	-0.455415	0.885247	0.885247	-0.889907	-0.889907
8.338	-0.465176	-0.465176	0.880184	0.880184	-0.884921	-0.884921
8.349	-0.474883	-0.474883	0.875013	0.875013	-0.879831	-0.879831
8.36	-0.484532	-0.484532	0.869736	0.869736	-0.874635	-0.874635
8.371	-0.494124	-0.494124	0.864354	0.864354	-0.869335	-0.869335
8.382	-0.503657	-0.503657	0.858866	0.858866	-0.863929	-0.863929
8.393	-0.51313	-0.51313	0.853273	0.853273	-0.858418	-0.858418
8.404	-0.522542	-0.522542	0.847577	0.847577	-0.852801	-0.852801
8.415	-0.531891	-0.531891	0.841778	0.841778	-0.84708	-0.84708
8.426	-0.541177	-0.541177	0.835876	0.835876	-0.841253	-0.841253
8.437	-0.550399	-0.550399	0.829872	0.829872	-0.835321	-0.835321
8.448	-0.559554	-0.559554	0.823767	0.823767	-0.829284	-0.829284
8.459	-0.568642	-0.568642	0.817562	0.817562	-0.823142	-0.823142
8.47	-0.577663	-0.577663	0.811257	0.811257	-0.816894	-0.816894
8.481	-0.586614	-0.586614	0.804854	0.804854	-0.810542	-0.810542
8.492	-0.595494	-0.595494	0.798352	0.798352	-0.804084	-0.804084
8.503	-0.604303	-0.604303	0.791753	0.791753	-0.797521	-0.797521
8.514	-0.613039	-0.613039	0.785058	0.785058	-0.790853	-0.790853
8.525	-0.621702	-0.621702	0.778267	0.778267	-0.784079	-0.784079
8.536	-0.630289	-0.630289	0.771381	0.771381	-0.777201	-0.777201
8.547	-0.6388	-0.6388	0.764401	0.764401	-0.770217	-0.770217
8.558	-0.647233	-0.647233	0.757327	0.757327	-0.763128	-0.763128
8.569	-0.655588	-0.655588	0.750162	0.750162	-0.755934	-0.755934
8.58	-0.663863	-0.663863	0.742905	0.742905	-0.748635	-0.748635
8.591	-0.672058	-0.672058	0.735557	0.735557	-0.74123	-0.74123
8.602	-0.68017	-0.68017	0.72812	0.72812	-0.73372	-0.73372
8.613	-0.688199	-0.688199	0.720594	0.720594	-0.726106	-0.726106
8.624	-0.696144	-0.696144	0.71298	0.71298	-0.718386	-0.718386
8.635	-0.704003	-0.704003	0.705279	0.705279	-0.71056	-0.71056
8.646	-0.711776	-0.711776	0.697492	0.697492	-0.70263	-0.70263
8.657	-0.719461	-0.719461	0.68962	0.68962	-0.694594	-0.694594
8.668	-0.727057	-0.727057	0.681664	0.681664	-0.686453	-0.686453
8.679	-0.734562	-0.734562	0.673625	0.673625	-0.678207	-0.678207
8.69	-0.741977	-0.741977	0.665504	0.665504	-0.669863	-0.669863
8.701	-0.749299	-0.749299	0.657302	0.657302	-0.66146	-0.66146
8.712	-0.756529	-0.756529	0.64902	0.64902	-0.653003	-0.653003
8.723	-0.763665	-0.763665	0.640659	0.640659	-0.644493	-0.644493
8.734	-0.770707	-0.770707	0.632219	0.632219	-0.635929	-0.635929
8.745	-0.777655	-0.777655	0.623703	0.623703	-0.627312	-0.627312
8.756	-0.784508	-0.784508	0.615111	0.615111	-0.618642	-0.618642
8.767	-0.791265	-0.791265	0.606445	0.606445	-0.609918	-0.609918
8.778	-0.797926	-0.797926	0.597704	0.597704	-0.60114	-0.60114
8.789	-0.80449	-0.80449	0.588891	0.588891	-0.592309	-0.592309
8.8	-0.810957	-0.810957	0.580006	0.580006	-0.583425	-0.583425
8.811	-0.817325	-0.817325	0.57105	0.57105	-0.574487	-0.574487
8.822	-0.823595	-0.823595	0.562025	0.562025	-0.565495	-0.565495
8.833	-0.829766	-0.829766	0.552931	0.552931	-0.556451	-0.556451
8.844	-0.835837	-0.835837	0.54377	0.54377	-0.547352	-0.547352
8.855	-0.841807	-0.841807	0.534543	0.534543	-0.538201	-0.538201
8.866	-0.847677	-0.847677	0.525251	0.525251	-0.528995	-0.528995
8.877	-0.853445	-0.853445	0.515895	0.515895	-0.519737	-0.519737
8.888	-0.859111	-0.859111	0.506475	0.506475	-0.510425	-0.510425
8.899	-0.864674	-0.864674	0.496995	0.496995	-0.501059	-0.501059
8.91	-0.870134	-0.870134	0.487453	0.487453	-0.49164	-0.49164
8.921	-0.87549	-0.87549	0.477852	0.477852	-0.482167	-0.482167
8.932	-0.880742	-0.880742	0.468193	0.468193	-0.472641	-0.472641
8.943	-0.885888	-0.885888	0.458476	0.458476	-0.463062	-0.463062
8.954	-0.890929	-0.890929	0.448703	0.448703	-0.453429	-0.453429
8.965	-0.895863	-0.895863	0.438876	0.438876	-0.443743	-0.443743
8.976	-0.900691	-0.900691	0.428995	0.428995	-0.434003	-0.434003
8.987	-0.905411	-0.905411	0.419061	0.419061	-0.42421	-0.42421
8.998	-0.910023	-0.910023	0.409076	0.409076	-0.414363	-0.414363
9.009	-0.914527	-0.914527	0.399041	0.399041	-0.404463	-0.404463
9.02	-0.918921	-0.918921	0.388957	0.388957	-0.394509	-0.394509
9.031	-0.923206	-0.923206	0.378825	0.378825	-0.384502	-0.384502
9.042	-0.92738	-0.92738	0.368647	0.368647	-0.374441	-0.374441
9.053	-0.931443	-0.931443	0.358423	0.358423	-0.364327	-0.364327
9.064	-0.935395	-0.935395	0.348156	0.348156	-0.35416	-0.35416
9.075	-0.939235	-0.939235	0.337845	0.337845	-0.343939	-0.343939
9.086	-0.942962	-0.942962	0.327493	0.327493	-0.333664	-0.333664
9.097	-0.946575	-0.946575	0.3171	0.3171	-0.323336	-0.323336
9.108	-0.950075	-0.950075	0.306669	0.306669	-0.312955	-0.312955
9.119	-0.95346	-0.95346	0.296199	0.296199	-0.30252	-0.30252
9.13	-0.95673	-0.95673	0.285693	0.285693	-0.292032	-0.292032
9.141	-0.959884	-0.959884	0.275151	0.275151	-0.28149	-0.28149
9.152	-0.962923	-0.962923	0.264576	0.264576	-0.270895	-0.270895
9.163	-0.965844	-0.965844	0.253967	0.253967	-0.260246	-0.260246
9.174	-0.968648	-0.968648	0.243328	0.243328	-0.249544	-0.249544
9.185	-0.971334	-0.971334	0.232658	0.232658	-0.238788	-0.238788
9.196	-0.973901	-0.973901	0.221959	0.221959	-0.227979	-0.227979
9.207	-0.976349	-0.976349	0.211232	0.211232	-0.217117	-0.217117
9.218	-0.978677	-0.978677	0.20048	0.20048	-0.206201	-0.206201
9.229	-0.980885	-0.980885	0.189702	0.189702	-0.195231	-0.195231
9.24	-0.982972	-0.982972	0.1789	0.1789	-0.184208	-0.184208
9.251	-0.984938	-0.984938	0.168077	0.168077	-0.173132	-0.173132
9.262	-0.986781	-0.986781	0.157232	0.157232	-0.162002	-0.162002
9.273	-0.988502	-0.988502	0.146368	0.146368	-0.150846	-0.150846
9.284	-0.9901	-0.9901	0.135486	0.135486	-0.139706	-0.139706
9.295	-0.991575	-0.991575	0.124586	0.124586	-0.128581	-0.128581
9.306	-0.992928	-0.992928	0.113671	0.113671	-0.117472	-0.117472
9.317	-0.99416	-0.99416	0.102742	0.102742	-0.106378	-0.106378
9.328	-0.995269	-0.995269	0.0918004	0.0918004	-0.0952996	-0.0952996
9.339	-0.996256	-0.996256	0.0808469	0.0808469	-0.0842369	-0.0842369
9.35	-0.997122	-0.997122	0.0698832	0.0698832	-0.0731897	-0.0731897
9.361	-0.997867	-0.997867	0.0589107	0.0589107	-0.0621581	-0.0621581
9.372	-0.99849	-0.99849	0.0479306	0.0479306	-0.0511421	-0.0511421
9.383	-0.998992	-0.998992	0.0369444	0.0369444	-0.0401416	-0.0401416
9.394	-0.999373	-0.999373	0.0259532	0.0259532	-0.0291566	-0.0291566
9.405	-0.999633	-0.999633	0.0149586	0.0149586	-0.0181873	-0.0181873
9.416	-0.999773	-0.999773	0.00396176	0.00396176	-0.00723344	-0.00723344
9.427	-0.999792	-0.999792	-0.00703596	-0.00703596	0.00370482	0.00370482
9.438	-0.999692	-0.999692	-0.0180332	-0.0180332	0.0146275	0.0146275
9.449	-0.999471	-0.999471	-0.0290287	-0.0290287	0.0255347	0.0255347
9.46	-0.99913	-0.99913	-0.0400211	-0.0400211	0.0364263	0.0364263
9.471	-0.998669	-0.998669	-0.0510092	-0.0510092	0.0473023	0.0473023
9.482	-0.998089	-0.998089	-0.0619914	-0.0619914	0.0581628	0.0581628
9.493	-0.99739	-0.99739	-0.0729667	-0.0729667	0.0690077	0.0690077
9.504	-0.996571	-0.996571	-0.0839336	-0.0839336	0.0798371	0.0798371
9.515	-0.995633	-0.995633	-0.0948908	-0.0948908	0.0906509	0.0906509
9.526	-0.994577	-0.994577	-0.105837	-0.105837	0.101449	0.101449
9.537	-0.993402	-0.993402	-0.116771	-0.116771	0.112232	0.112232
9.548	-0.992108	-0.992108	-0.127691	-0.127691	0.122999	0.122999
9.559	-0.990696	-0.990696	-0.138597	-0.138597	0.133751	0.133751
9.57	-0.989165	-0.989165	-0.149486	-0.149486	0.144487	0.144487
9.581	-0.987517	-0.987517	-0.160358	-0.160358	0.155207	0.155207
9.592	-0.985751	-0.985751	-0.171211	-0.171211	0.165912	0.165912
9.603	-0.983867	-0.983867	-0.182044	-0.182044	0.176601	0.176601
9.614	-0.981866	-0.981866	-0.192856	-0.192856	0.187275	0.187275
9.625	-0.979747	-0.979747	-0.203645	-0.203645	0.197933	0.197933
9.636	-0.977511	-0.977511	-0.21441	-0.21441	0.208576	0.208576
9.647	-0.975158	-0.975158	-0.22515	-0.22515	0.219203	0.219203
9.658	-0.972689	-0.972689	-0.235863	-0.235863	0.229815	0.229815
9.669	-0.970103	-0.970103	-0.246548	-0.246548	0.240411	0.240411
9.68	-0.9674	-0.9674	-0.257205	-0.257205	0.250991	0.250991
9.691	-0.964581	-0.964581	-0.267831	-0.267831	0.261556	0.261556
9.702	-0.961646	-0.961646	-0.278425	-0.278425	0.272105	0.272105
9.713	-0.958595	-0.958595	-0.288987	-0.288987	0.282639	0.282639
9.724	-0.955428	-0.955428	-0.299514	-0.299514	0.293157	0.293157
9.735	-0.952145	-0.952145	-0.310006	-0.310006	0.30366	0.30366
9.746	-0.948747	-0.948747	-0.320461	-0.320461	0.314147	0.314147
9.757	-0.945234	-0.945234	-0.330878	-0.330878	0.324619	0.324619
9.768	-0.941606	-0.941606	-0.341255	-0.341255	0.335075	0.335075
9.779	-0.937862	-0.937862	-0.351593	-0.351593	0.345515	0.345515
9.79	-0.934004	-0.934004	-0.361888	-0.361888	0.35594	0.35594
9.801	-0.930032	-0.930032	-0.37214	-0.37214	0.36635	0.36635
9.812	-0.925945	-0.925945	-0.382348	-0.382348	0.376743	0.376743
9.823	-0.921743	-0.921743	-0.392511	-0.392511	0.387122	0.387122
9.834	-0.917428	-0.917428	-0.402626	-0.402626	0.397484	0.397484
9.845	-0.912999	-0.912999	-0.412694	-0.412694	0.407829	0.407829
9.856	-0.908456	-0.908456	-0.422712	-0.422712	0.418111	0.418111
9.867	-0.903801	-0.903801	-0.432679	-0.432679	0.428314	0.428314
9.878	-0.899034	-0.899034	-0.442595	-0.442595	0.438436	0.438436
9.889	-0.894155	-0.894155	-0.452458	-0.452458	0.448479	0.448479
9.9	-0.889167	-0.889167	-0.462266	-0.462266	0.458441	0.458441
9.911	-0.88407	-0.88407	-0.472019	-0.472019	0.468323	0.468323
9.922	-0.878864	-0.878864	-0.481715	-0.481715	0.478126	0.478126
9.933	-0.873552	-0.873552	-0.491353	-0.491353	0.487848	0.487848
9.944	-0.868132	-0.868132	-0.500933	-0.500933	0.497491	0.497491
9.955	-0.862607	-0.862607	-0.510452	-0.510452	0.507053	0.507053
9.966	-0.856977	-0.856977	-0.51991	-0.51991	0.516535	0.516535
9.977	-0.851244	-0.851244	-0.529305	-0.529305	0.525938	0.525938
9.988	-0.845407	-0.845407	-0.538637	-0.538637	0.53526	0.53526
9.999	-0.839468	-0.839468	-0.547904	-0.547904	0.544503	0.544503
10.01	-0.833428	-0.833428	-0.557105	-0.557105	0.553665	0.553665
10.021	-0.827288	-0.827288	-0.566239	-0.566239	0.562748	0.562748
10.032	-0.821048	-0.821048	-0.575305	-0.575305	0.57175	0.57175
10.043	-0.81471	-0.81471	-0.584301	-0.584301	0.580673	0.580673
10.054	-0.808273	-0.808273	-0.593228	-0.593228	0.589515	0.589515
10.065	-0.801741	-0.801741	-0.602083	-0.602083	0.598277	0.598277
10.076	-0.795112	-0.795112	-0.610866	-0.610866	0.60696	0.60696
10.087	-0.788388	-0.788388	-0.619575	-0.619575	0.615562	0.615562
10.098	-0.78157	-0.78157	-0.62821	-0.62821	0.624085	0.624085
10.109	-0.774658	-0.774658	-0.636769	-0.636769	0.632527	0.632527
10.12	-0.767654	-0.767654	-0.645252	-0.645252	0.64089	0.64089
10.131	-0.760559	-0.760559	-0.653657	-0.653657	0.649172	0.649172
10.142	-0.753373	-0.753373	-0.661984	-0.661984	0.657375	0.657375
10.153	-0.746097	-0.746097	-0.670231	-0.670231	0.665497	0.665497
10.164	-0.738732	-0.738732	-0.678398	-0.678398	0.67354	0.67354
10.175	-0.731279	-0.731279	-0.686483	-0.686483	0.681502	0.681502
10.186	-0.723739	-0.723739	-0.694486	-0.694486	0.689385	0.689385
10.197	-0.716113	-0.716113	-0.702405	-0.702405	0.697187	0.697187
10.208	-0.708402	-0.708402	-0.71024	-0.71024	0.70491	0.70491
10.219	-0.700605	-0.700605	-0.71799	-0.71799	0.712552	0.712552
10.23	-0.692726	-0.692726	-0.725653	-0.725653	0.720115	0.720115
10.241	-0.684763	-0.684763	-0.733229	-0.733229	0.727597	0.727597
10.252	-0.676719	-0.676719	-0.740717	-0.740717	0.735	0.735
10.263	-0.668593	-0.668593	-0.748117	-0.748117	0.742322	0.742322
10.274	-0.660388	-0.660388	-0.755426	-0.755426	0.749565	0.749565
10.285	-0.652103	-0.652103	-0.762645	-0.762645	0.756727	0.756727
10.296	-0.64374	-0.64374	-0.769772	-0.769772	0.76381	0.76381
10.307	-0.6353	-0.6353	-0.776807	-0.776807	0.770813	0.770813
10.318	-0.626783	-0.626783	-0.783748	-0.783748	0.777735	0.777735
10.329	-0.61819	-0.61819	-0.790596	-0.790596	0.784578	0.784578
10.34	-0.609522	-0.609522	-0.797348	-0.797348	0.79134	0.79134
10.351	-0.600781	-0.600781	-0.804005	-0.804005	0.798023	0.798023
10.362	-0.591966	-0.591966	-0.810565	-0.810565	0.804625	0.804625
10.373	-0.583079	-0.583079	-0.817028	-0.817028	0.811148	0.811148
10.384	-0.574121	-0.574121	-0.823393	-0.823393	0.817591	0.817591
10.395	-0.565093	-0.565093	-0.829658	-0.829658	0.823953	0.823953
10.406	-0.555994	-0.555994	-0.835825	-0.835825	0.830236	0.830236
10.417	-0.546828	-0.546828	-0.84189	-0.84189	0.836438	0.836438
10.428	-0.537593	-0.537593	-0.847854	-0.847854	0.842554	0.842554
10.439	-0.528292	-0.528292	-0.853717	-0.853717	0.848555	0.848555
10.45	-0.518925	-0.518925	-0.859477	-0.859477	0.85444	0.85444
10.461	-0.509495	-0.509495	-0.865133	-0.865133	0.860208	0.860208
10.472	-0.500001	-0.500001	-0.870685	-0.870685	0.865859	0.865859
10.483	-0.490446	-0.490446	-0.876133	-0.876133	0.871395	0.871395
10.494	-0.480831	-0.480831	-0.881475	-0.881475	0.876813	0.876813
10.505	-0.471157	-0.471157	-0.886711	-0.886711	0.882115	0.882115
10.516	-0.461425	-0.461425	-0.89184	-0.89184	0.887301	0.887301
10.527	-0.451637	-0.451637	-0.896862	-0.896862	0.89237	0.89237
10.538	-0.441793	-0.441793	-0.901776	-0.901776	0.897322	0.897322
10.549	-0.431896	-0.431896	-0.906581	-0.906581	0.902158	0.902158
10.56	-0.421946	-0.421946	-0.911277	-0.911277	0.906878	0.906878
10.571	-0.411945	-0.411945	-0.915864	-0.915864	0.911481	0.911481
10.582	-0.401894	-0.401894	-0.92034	-0.92034	0.915967	0.915967
10.593	-0.391794	-0.391794	-0.924705	-0.924705	0.920337	0.920337
10.604	-0.381647	-0.381647	-0.928959	-0.928959	0.92459	0.92459
10.615	-0.371454	-0.371454	-0.933101	-0.933101	0.928727	0.928727
10.626	-0.361215	-0.361215	-0.937131	-0.937131	0.932747	0.932747
10.637	-0.350934	-0.350934	-0.941048	-0.941048	0.936651	0.936651
10.648	-0.340609	-0.340609	-0.944852	-0.944852	0.940438	0.940438
10.659	-0.330244	-0.330244	-0.948541	-0.948541	0.944109	0.944109
10.67	-0.31984	-0.31984	-0.952117	-0.952117	0.947663	0.947663
10.681	-0.309396	-0.309396	-0.955578	-0.955578	0.951101	0.951101
10.692	-0.298916	-0.298916	-0.958923	-0.958923	0.954422	0.954422
10.703	-0.288399	-0.288399	-0.962154	-0.962154	0.957626	0.957626
10.714	-0.277848	-0.277848	-0.965268	-0.965268	0.960714	0.960714
10.725	-0.267264	-0.267264	-0.968266	-0.968266	0.963686	0.963686
10.736	-0.256648	-0.256648	-0.971148	-0.971148	0.966541	0.966541
10.747	-0.246001	-0.246001	-0.973912	-0.973912	0.969279	0.969279
10.758	-0.235324	-0.235324	-0.97656	-0.97656	0.971901	0.971901
10.769	-0.224619	-0.224619	-0.979089	-0.979089	0.974407	0.974407
10.78	-0.213887	-0.213887	-0.981501	-0.981501	0.976795	0.976795
10.791	-0.20313	-0.20313	-0.983795	-0.983795	0.979068	0.979068
10.802	-0.192348	-0.192348	-0.98597	-0.98597	0.981223	0.981223
10.813	-0.181544	-0.181544	-0.988026	-0.988026	0.983263	0.983263
10.824	-0.170717	-0.170717	-0.989964	-0.989964	0.985185	0.985185
10.835	-0.15987	-0.15987	-0.991782	-0.991782	0.986992	0.986992
10.846	-0.149004	-0.149004	-0.993481	-0.993481	0.988681	0.988681
10.857	-0.138119	-0.138119	-0.99506	-0.99506	0.990255	0.990255
10.868	-0.127218	-0.127218	-0.996519	-0.996519	0.991711	0.991711
10.879	-0.116302	-0.116302	-0.997859	-0.997859	0.993051	0.993051
10.89	-0.105372	-0.105372	-0.999078	-0.999078	0.994275	0.994275
10.901	-0.0944286	-0.0944286	-1.00018	-1.00018	0.995382	0.995382
10.912	-0.0834738	-0.0834738	-1.00116	-1.00116	0.996372	0.996372
10.923	-0.0725088	-0.0725088	-1.00201	-1.00201	0.997246	0.997246
10.934	-0.0615348	-0.0615348	-1.00275	-1.00275	0.998004	0.998004
10.945	-0.0505532	-0.0505532	-1.00337	-1.00337	0.998645	0.998645
10.956	-0.0395651	-0.0395651	-1.00386	-1.00386	0.999169	0.999169
10.967	-0.0285719	-0.0285719	-1.00424	-1.00424	0.999577	0.999577
10.978	-0.0175748	-0.0175748	-1.00449	-1.00449	0.999868	0.999868
10.989	-0.0065752	-0.0065752	-1.00462	-1.00462	1.00004	1.00004
11	0.0044257	0.0044257	-1.00464	-1.00464	1.0001	1.0001
