0	1	1	0	0
0.011	0.996904	0.996904	0.010983	0.010983
0.022	0.993807	0.993807	0.0219319	0.0219319
0.033	0.990711	0.990711	0.0328467	0.0328467
0.044	0.987615	0.987615	0.0437275	0.0437275
0.055	0.984519	0.984519	0.0545743	0.0545743
0.066	0.981422	0.981422	0.0653869	0.0653869
0.077	0.978326	0.978326	0.0761656	0.0761656
0.088	0.97523	0.97523	0.0869101	0.0869101
0.099	0.972134	0.972134	0.0976206	0.0976206
0.11	0.969037	0.969037	0.108297	0.108297
0.121	0.965941	0.965941	0.118939	0.118939
0.132	0.962845	0.962845	0.129548	0.129548
0.143	0.959749	0.959749	0.140122	0.140122
0.154	0.956652	0.956652	0.150662	0.150662
0.165	0.953556	0.953556	0.161168	0.161168
0.176	0.95046	0.95046	0.17164	0.17164
0.187	0.947364	0.947364	0.182078	0.182078
0.198	0.944267	0.944267	0.192482	0.192482
0.209	0.941171	0.941171	0.202852	0.202852
0.22	0.938075	0.938075	0.213188	0.213188
0.231	0.934979	0.934979	0.22349	0.22349
0.242	0.931882	0.931882	0.233758	0.233758
0.253	0.928786	0.928786	0.243991	0.243991
0.264	0.92569	0.92569	0.254191	0.254191
0.275	0.922594	0.922594	0.264357	0.264357
0.286	0.919497	0.919497	0.274488	0.274488
0.297	0.916401	0.916401	0.284586	0.284586
0.308	0.913305	0.913305	0.294649	0.294649
0.319	0.910209	0.910209	0.304678	0.304678
0.33	0.907112	0.907112	0.314674	0.314674
0.341	0.904016	0.904016	0.324635	0.324635
0.352	0.90092	0.90092	0.334562	0.334562
0.363	0.897823	0.897823	0.344455	0.344455
0.374	0.894727	0.894727	0.354314	0.354314
0.385	0.891631	0.891631	0.364139	0.364139
0.396	0.888535	0.888535	0.37393	0.37393
0.407	0.885438	0.885438	0.383687	0.383687
0.418	0.882342	0.882342	0.39341	0.39341
0.429	0.879246	0.879246	0.403098	0.403098
0.44	0.87615	0.87615	0.412753	0.412753
0.451	0.873053	0.873053	0.422374	0.422374
0.462	0.869957	0.869957	0.43196	0.43196
0.473	0.866861	0.866861	0.441513	0.441513
0.484	0.863765	0.863765	0.451031	0.451031
0.495	0.860668	0.860668	0.460515	0.460515
0.506	0.857572	0.857572	0.469966	0.469966
0.517	0.854476	0.854476	0.479382	0.479382
0.528	0.85138	0.85138	0.488764	0.488764
0.539	0.848283	0.848283	0.498112	0.498112
0.55	0.845187	0.845187	0.507426	0.507426
0.561	0.842091	0.842091	0.516706	0.516706
0.572	0.838995	0.838995	0.525952	0.525952
0.583	0.833989	0.833989	0.53516	0.53516
0.594	0.825709	0.825709	0.544289	0.544289
0.605	0.817429	0.817429	0.553326	0.553326
0.616	0.80915	0.80915	0.562272	0.562272
0.627	0.80087	0.80087	0.571127	0.571127
0.638	0.79259	0.79259	0.579891	0.579891
0.649	0.784311	0.784311	0.588564	0.588564
0.66	0.776031	0.776031	0.597146	0.597146
0.671	0.767752	0.767752	0.605637	0.605637
0.682	0.759472	0.759472	0.614037	0.614037
0.693	0.751192	0.751192	0.622345	0.622345
0.704	0.742913	0.742913	0.630563	0.630563
0.715	0.734633	0.734633	0.63869	0.63869
0.726	0.726353	0.726353	0.646725	0.646725
0.737	0.718074	0.718074	0.654669	0.654669
0.748	0.709794	0.709794	0.662523	0.662523
0.759	0.701514	0.701514	0.670285	0.670285
0.77	0.693235	0.693235	0.677956	0.677956
0.781	0.684955	0.684955	0.685536	0.685536
0.792	0.676676	0.676676	0.693025	0.693025
0.803	0.668396	0.668396	0.700423	0.700423
0.814	0.660116	0.660116	0.70773	0.70773
0.825	0.651837	0.651837	0.714945	0.714945
0.836	0.643557	0.643557	0.72207	0.72207
0.847	0.635277	0.635277	0.729104	0.729104
0.858	0.626998	0.626998	0.736046	0.736046
0.869	0.618718	0.618718	0.742898	0.742898
0.88	0.610438	0.610438	0.749658	0.749658
0.891	0.602159	0.602159	0.756327	0.756327
0.902	0.593879	0.593879	0.762905	0.762905
0.913	0.5856	0.5856	0.769393	0.769393
0.924	0.57732	0.57732	0.775789	0.775789
0.935	0.56904	0.56904	0.782094	0.782094
0.946	0.560761	0.560761	0.788307	0.788307
0.957	0.552481	0.552481	0.79443	0.79443
0.968	0.544201	0.544201	0.800462	0.800462
0.979	0.535922	0.535922	0.806403	0.806403
0.99	0.527642	0.527642	0.812252	0.812252
1.001	0.519363	0.519363	0.818011	0.818011
1.012	0.511083	0.511083	0.823678	0.823678
1.023	0.502803	0.502803	0.829255	0.829255
1.034	0.494524	0.494524	0.83474	0.83474
1.045	0.486244	0.486244	0.840134	0.840134
1.056	0.477964	0.477964	0.845437	0.845437
1.067	0.469685	0.469685	0.850649	0.850649
1.078	0.461405	0.461405	0.85577	0.85577
1.089	0.453125	0.453125	0.8608	0.8608
1.1	0.444846	0.444846	0.865739	0.865739
1.111	0.436566	0.436566	0.870587	0.870587
1.122	0.428287	0.428287	0.875344	0.875344
1.133	0.420007	0.420007	0.880009	0.880009
1.144	0.411727	0.411727	0.884584	0.884584
1.155	0.403448	0.403448	0.889067	0.889067
1.166	0.393337	0.393337	0.893452	0.893452
1.177	0.382573	0.382573	0.89772	0.89772
1.188	0.371808	0.371808	0.901869	0.901869
1.199	0.361044	0.361044	0.9059	0.9059
1.21	0.350279	0.350279	0.909812	0.909812
1.221	0.339515	0.339515	0.913606	0.913606
1.232	0.32875	0.32875	0.917281	0.917281
1.243	0.317986	0.317986	0.920838	0.920838
1.254	0.307221	0.307221	0.924277	0.924277
1.265	0.296457	0.296457	0.927597	0.927597
1.276	0.285692	0.285692	0.930799	0.930799
1.287	0.274928	0.274928	0.933882	0.933882
1.298	0.264163	0.264163	0.936847	0.936847
1.309	0.253399	0.253399	0.939694	0.939694
1.32	0.242634	0.242634	0.942422	0.942422
1.331	0.23187	0.23187	0.945032	0.945032
1.342	0.221105	0.221105	0.947523	0.947523
1.353	0.210341	0.210341	0.949896	0.949896
1.364	0.199576	0.199576	0.952151	0.952151
1.375	0.188812	0.188812	0.954287	0.954287
1.386	0.178047	0.178047	0.956304	0.956304
1.397	0.167283	0.167283	0.958204	0.958204
1.408	0.156518	0.156518	0.959985	0.959985
1.419	0.145754	0.145754	0.961647	0.961647
1.43	0.134989	0.134989	0.963191	0.963191
1.441	0.124225	0.124225	0.964617	0.964617
1.452	0.11346	0.11346	0.965924	0.965924
1.463	0.102696	0.102696	0.967113	0.967113
1.474	0.0919311	0.0919311	0.968184	0.968184
1.485	0.0811666	0.0811666	0.969136	0.969136
1.496	0.0704021	0.0704021	0.969969	0.969969
1.507	0.0596376	0.0596376	0.970684	0.970684
1.518	0.0488731	0.0488731	0.971281	0.971281
1.529	0.0381086	0.0381086	0.97176	0.97176
1.54	0.0273441	0.0273441	0.97212	0.97212
1.551	0.0165796	0.0165796	0.972361	0.972361
1.562	0.00581506	0.00581506	0.972484	0.972484
1.573	-0.00494944	-0.00494944	0.972489	0.972489
1.584	-0.0157139	-0.0157139	0.972375	0.972375
1.595	-0.0264784	-0.0264784	0.972143	0.972143
1.606	-0.0372429	-0.0372429	0.971793	0.971793
1.617	-0.0480074	-0.0480074	0.971324	0.971324
1.628	-0.0587719	-0.0587719	0.970737	0.970737
1.639	-0.0695364	-0.0695364	0.970031	0.970031
1.65	-0.0803009	-0.0803009	0.969207	0.969207
1.661	-0.0910654	-0.0910654	0.968264	0.968264
1.672	-0.10183	-0.10183	0.967204	0.967204
1.683	-0.112594	-0.112594	0.966024	0.966024
1.694	-0.123359	-0.123359	0.964726	0.964726
1.705	-0.134123	-0.134123	0.96331	0.96331
1.716	-0.144888	-0.144888	0.961776	0.961776
1.727	-0.155652	-0.155652	0.960123	0.960123
1.738	-0.166309	-0.166309	0.958351	0.958351
1.749	-0.17605	-0.17605	0.956468	0.956468
1.76	-0.185791	-0.185791	0.954478	0.954478
1.771	-0.195532	-0.195532	0.952381	0.952381
1.782	-0.205273	-0.205273	0.950177	0.950177
1.793	-0.215014	-0.215014	0.947865	0.947865
1.804	-0.224755	-0.224755	0.945446	0.945446
1.815	-0.234496	-0.234496	0.94292	0.94292
1.826	-0.244237	-0.244237	0.940287	0.940287
1.837	-0.253978	-0.253978	0.937547	0.937547
1.848	-0.263719	-0.263719	0.9347	0.9347
1.859	-0.27346	-0.27346	0.931745	0.931745
1.87	-0.283201	-0.283201	0.928684	0.928684
1.881	-0.292942	-0.292942	0.925515	0.925515
1.892	-0.302683	-0.302683	0.922239	0.922239
1.903	-0.312424	-0.312424	0.918856	0.918856
1.914	-0.322165	-0.322165	0.915366	0.915366
1.925	-0.331906	-0.331906	0.911768	0.911768
1.936	-0.341647	-0.341647	0.908064	0.908064
1.947	-0.351388	-0.351388	0.904252	0.904252
1.958	-0.361129	-0.361129	0.900333	0.900333
1.969	-0.37087	-0.37087	0.896307	0.896307
1.98	-0.380611	-0.380611	0.892174	0.892174
1.991	-0.390352	-0.390352	0.887934	0.887934
2.002	-0.400093	-0.400093	0.883586	0.883586
2.013	-0.409834	-0.409834	0.879132	0.879132
2.024	-0.419575	-0.419575	0.87457	0.87457
2.035	-0.429316	-0.429316	0.869901	0.869901
2.046	-0.439057	-0.439057	0.865125	0.865125
2.057	-0.448797	-0.448797	0.860242	0.860242
2.068	-0.458538	-0.458538	0.855252	0.855252
2.079	-0.468279	-0.468279	0.850154	0.850154
2.09	-0.47802	-0.47802	0.844949	0.844949
2.101	-0.487761	-0.487761	0.839638	0.839638
2.112	-0.497502	-0.497502	0.834219	0.834219
2.123	-0.507243	-0.507243	0.828693	0.828693
2.134	-0.516984	-0.516984	0.823059	0.823059
2.145	-0.526725	-0.526725	0.817319	0.817319
2.156	-0.536466	-0.536466	0.811471	0.811471
2.167	-0.546207	-0.546207	0.805517	0.805517
2.178	-0.555948	-0.555948	0.799455	0.799455
2.189	-0.565689	-0.565689	0.793286	0.793286
2.2	-0.57543	-0.57543	0.78701	0.78701
2.211	-0.585171	-0.585171	0.780626	0.780626
2.222	-0.594912	-0.594912	0.774136	0.774136
2.233	-0.604653	-0.604653	0.767538	0.767538
2.244	-0.614394	-0.614394	0.760834	0.760834
2.255	-0.624135	-0.624135	0.754022	0.754022
2.266	-0.633876	-0.633876	0.747103	0.747103
2.277	-0.643617	-0.643617	0.740076	0.740076
2.288	-0.653358	-0.653358	0.732943	0.732943
2.299	-0.663099	-0.663099	0.725702	0.725702
2.31	-0.67284	-0.67284	0.718355	0.718355
2.321	-0.680592	-0.680592	0.710905	0.710905
2.332	-0.686135	-0.686135	0.703388	0.703388
2.343	-0.691678	-0.691678	0.69581	0.69581
2.354	-0.69722	-0.69722	0.688171	0.688171
2.365	-0.702763	-0.702763	0.680471	0.680471
2.376	-0.708306	-0.708306	0.67271	0.67271
2.387	-0.713848	-0.713848	0.664889	0.664889
2.398	-0.719391	-0.719391	0.657006	0.657006
2.409	-0.724933	-0.724933	0.649062	0.649062
2.42	-0.730476	-0.730476	0.641057	0.641057
2.431	-0.736019	-0.736019	0.632992	0.632992
2.442	-0.741561	-0.741561	0.624865	0.624865
2.453	-0.747104	-0.747104	0.616677	0.616677
2.464	-0.752647	-0.752647	0.608429	0.608429
2.475	-0.758189	-0.758189	0.600119	0.600119
2.486	-0.763732	-0.763732	0.591748	0.591748
2.497	-0.769275	-0.769275	0.583317	0.583317
2.508	-0.774817	-0.774817	0.574824	0.574824
2.519	-0.78036	-0.78036	0.566271	0.566271
2.53	-0.785903	-0.785903	0.557656	0.557656
2.541	-0.791445	-0.791445	0.548981	0.548981
2.552	-0.796988	-0.796988	0.540245	0.540245
2.563	-0.802531	-0.802531	0.531447	0.531447
2.574	-0.808073	-0.808073	0.522589	0.522589
2.585	-0.813616	-0.813616	0.51367	0.51367
2.596	-0.819159	-0.819159	0.504689	0.504689
2.607	-0.824701	-0.824701	0.495648	0.495648
2.618	-0.830244	-0.830244	0.486546	0.486546
2.629	-0.835787	-0.835787	0.477383	0.477383
2.64	-0.841329	-0.841329	0.468159	0.468159
2.651	-0.846872	-0.846872	0.458874	0.458874
2.662	-0.852415	-0.852415	0.449527	0.449527
2.673	-0.857957	-0.857957	0.44012	0.44012
2.684	-0.8635	-0.8635	0.430652	0.430652
2.695	-0.869043	-0.869043	0.421123	0.421123
2.706	-0.874585	-0.874585	0.411533	0.411533
2.717	-0.880128	-0.880128	0.401883	0.401883
2.728	-0.885671	-0.885671	0.392171	0.392171
2.739	-0.891213	-0.891213	0.382398	0.382398
2.75	-0.896756	-0.896756	0.372564	0.372564
2.761	-0.902298	-0.902298	0.362669	0.362669
2.772	-0.907841	-0.907841	0.352713	0.352713
2.783	-0.913384	-0.913384	0.342697	0.342697
2.794	-0.918926	-0.918926	0.332619	0.332619
2.805	-0.924469	-0.924469	0.32248	0.32248
2.816	-0.930012	-0.930012	0.312281	0.312281
2.827	-0.935554	-0.935554	0.30202	0.30202
2.838	-0.941097	-0.941097	0.291698	0.291698
2.849	-0.94664	-0.94664	0.281316	0.281316
2.86	-0.952182	-0.952182	0.270872	0.270872
2.871	-0.957725	-0.957725	0.260368	0.260368
2.882	-0.963268	-0.963268	0.249802	0.249802
2.893	-0.96881	-0.96881	0.239176	0.239176
2.904	-0.969296	-0.969296	0.228512	0.228512
2.915	-0.968834	-0.968834	0.217852	0.217852
2.926	-0.968372	-0.968372	0.207198	0.207198
2.937	-0.96791	-0.96791	0.196548	0.196548
2.948	-0.967448	-0.967448	0.185904	0.185904
2.959	-0.966986	-0.966986	0.175264	0.175264
2.97	-0.966524	-0.966524	0.16463	0.16463
2.981	-0.966061	-0.966061	0.154001	0.154001
2.992	-0.965599	-0.965599	0.143377	0.143377
3.003	-0.965137	-0.965137	0.132758	0.132758
3.014	-0.964675	-0.964675	0.122144	0.122144
3.025	-0.964213	-0.964213	0.111535	0.111535
3.036	-0.963751	-0.963751	0.100931	0.100931
3.047	-0.963289	-0.963289	0.0903322	0.0903322
3.058	-0.962826	-0.962826	0.0797386	0.0797386
3.069	-0.962364	-0.962364	0.06915	0.06915
3.08	-0.961902	-0.961902	0.0585666	0.0585666
3.091	-0.96144	-0.96144	0.0479882	0.0479882
3.102	-0.960978	-0.960978	0.0374149	0.0374149
3.113	-0.960516	-0.960516	0.0268467	0.0268467
3.124	-0.960054	-0.960054	0.0162835	0.0162835
3.135	-0.959591	-0.959591	0.00572549	0.00572549
3.146	-0.959129	-0.959129	-0.00482748	-0.00482748
3.157	-0.958667	-0.958667	-0.0153754	-0.0153754
3.168	-0.958205	-0.958205	-0.0259182	-0.0259182
3.179	-0.957743	-0.957743	-0.0364559	-0.0364559
3.19	-0.957281	-0.957281	-0.0469885	-0.0469885
3.201	-0.956819	-0.956819	-0.057516	-0.057516
3.212	-0.956357	-0.956357	-0.0680385	-0.0680385
3.223	-0.955894	-0.955894	-0.0785559	-0.0785559
3.234	-0.955432	-0.955432	-0.0890682	-0.0890682
3.245	-0.95497	-0.95497	-0.0995754	-0.0995754
3.256	-0.954508	-0.954508	-0.110078	-0.110078
3.267	-0.954046	-0.954046	-0.120575	-0.120575
3.278	-0.953584	-0.953584	-0.131067	-0.131067
3.289	-0.953122	-0.953122	-0.141553	-0.141553
3.3	-0.952659	-0.952659	-0.152035	-0.152035
3.311	-0.952197	-0.952197	-0.162512	-0.162512
3.322	-0.951735	-0.951735	-0.172984	-0.172984
3.333	-0.951273	-0.951273	-0.18345	-0.18345
3.344	-0.950811	-0.950811	-0.193912	-0.193912
3.355	-0.950349	-0.950349	-0.204368	-0.204368
3.366	-0.949887	-0.949887	-0.214819	-0.214819
3.377	-0.949424	-0.949424	-0.225265	-0.225265
3.388	-0.948962	-0.948962	-0.235707	-0.235707
3.399	-0.9485	-0.9485	-0.246143	-0.246143
3.41	-0.948038	-0.948038	-0.256574	-0.256574
3.421	-0.947576	-0.947576	-0.266999	-0.266999
3.432	-0.947114	-0.947114	-0.27742	-0.27742
3.443	-0.946652	-0.946652	-0.287836	-0.287836
3.454	-0.94619	-0.94619	-0.298247	-0.298247
3.465	-0.945727	-0.945727	-0.308652	-0.308652
3.476	-0.944033	-0.944033	-0.319051	-0.319051
3.487	-0.937716	-0.937716	-0.329401	-0.329401
3.498	-0.9314	-0.9314	-0.339681	-0.339681
3.509	-0.925084	-0.925084	-0.349892	-0.349892
3.52	-0.918768	-0.918768	-0.360033	-0.360033
3.531	-0.912451	-0.912451	-0.370104	-0.370104
3.542	-0.906135	-0.906135	-0.380107	-0.380107
3.553	-0.899819	-0.899819	-0.390039	-0.390039
3.564	-0.893502	-0.893502	-0.399903	-0.399903
3.575	-0.887186	-0.887186	-0.409696	-0.409696
3.586	-0.88087	-0.88087	-0.419421	-0.419421
3.597	-0.874553	-0.874553	-0.429076	-0.429076
3.608	-0.868237	-0.868237	-0.438661	-0.438661
3.619	-0.861921	-0.861921	-0.448177	-0.448177
3.63	-0.855604	-0.855604	-0.457623	-0.457623
3.641	-0.849288	-0.849288	-0.467	-0.467
3.652	-0.842972	-0.842972	-0.476308	-0.476308
3.663	-0.836656	-0.836656	-0.485546	-0.485546
3.674	-0.830339	-0.830339	-0.494714	-0.494714
3.685	-0.824023	-0.824023	-0.503813	-0.503813
3.696	-0.817707	-0.817707	-0.512842	-0.512842
3.707	-0.81139	-0.81139	-0.521803	-0.521803
3.718	-0.805074	-0.805074	-0.530693	-0.530693
3.729	-0.798758	-0.798758	-0.539514	-0.539514
3.74	-0.792441	-0.792441	-0.548266	-0.548266
3.751	-0.786125	-0.786125	-0.556948	-0.556948
3.762	-0.779809	-0.779809	-0.56556	-0.56556
3.773	-0.773492	-0.773492	-0.574104	-0.574104
3.784	-0.767176	-0.767176	-0.582577	-0.582577
3.795	-0.76086	-0.76086	-0.590982	-0.590982
3.806	-0.754543	-0.754543	-0.599316	-0.599316
3.817	-0.748227	-0.748227	-0.607581	-0.607581
3.828	-0.741911	-0.741911	-0.615777	-0.615777
3.839	-0.735595	-0.735595	-0.623904	-0.623904
3.85	-0.729278	-0.729278	-0.63196	-0.63196
3.861	-0.722962	-0.722962	-0.639948	-0.639948
3.872	-0.716646	-0.716646	-0.647865	-0.647865
3.883	-0.710329	-0.710329	-0.655714	-0.655714
3.894	-0.704013	-0.704013	-0.663493	-0.663493
3.905	-0.697697	-0.697697	-0.671202	-0.671202
3.916	-0.69138	-0.69138	-0.678842	-0.678842
3.927	-0.685064	-0.685064	-0.686412	-0.686412
3.938	-0.678748	-0.678748	-0.693913	-0.693913
3.949	-0.672431	-0.672431	-0.701345	-0.701345
3.96	-0.666115	-0.666115	-0.708707	-0.708707
3.971	-0.659799	-0.659799	-0.715999	-0.715999
3.982	-0.653483	-0.653483	-0.723223	-0.723223
3.993	-0.647166	-0.647166	-0.730376	-0.730376
4.004	-0.64085	-0.64085	-0.73746	-0.73746
4.015	-0.634534	-0.634534	-0.744475	-0.744475
4.026	-0.628217	-0.628217	-0.75142	-0.75142
4.037	-0.621901	-0.621901	-0.758296	-0.758296
4.048	-0.615585	-0.615585	-0.765102	-0.765102
4.059	-0.607071	-0.607071	-0.771831	-0.771831
4.07	-0.596959	-0.596959	-0.778454	-0.778454
4.081	-0.586847	-0.586847	-0.784965	-0.784965
4.092	-0.576735	-0.576735	-0.791364	-0.791364
4.103	-0.566624	-0.566624	-0.797653	-0.797653
4.114	-0.556512	-0.556512	-0.80383	-0.80383
4.125	-0.5464	-0.5464	-0.809896	-0.809896
4.136	-0.536288	-0.536288	-0.815851	-0.815851
4.147	-0.526176	-0.526176	-0.821694	-0.821694
4.158	-0.516064	-0.516064	-0.827427	-0.827427
4.169	-0.505952	-0.505952	-0.833048	-0.833048
4.18	-0.495841	-0.495841	-0.838558	-0.838558
4.191	-0.485729	-0.485729	-0.843956	-0.843956
4.202	-0.475617	-0.475617	-0.849244	-0.849244
4.213	-0.465505	-0.465505	-0.85442	-0.85442
4.224	-0.455393	-0.455393	-0.859485	-0.859485
4.235	-0.445281	-0.445281	-0.864438	-0.864438
4.246	-0.435169	-0.435169	-0.869281	-0.869281
4.257	-0.425057	-0.425057	-0.874012	-0.874012
4.268	-0.414946	-0.414946	-0.878632	-0.878632
4.279	-0.404834	-0.404834	-0.883141	-0.883141
4.29	-0.394722	-0.394722	-0.887539	-0.887539
4.301	-0.38461	-0.38461	-0.891825	-0.891825
4.312	-0.374498	-0.374498	-0.896	-0.896
4.323	-0.364386	-0.364386	-0.900064	-0.900064
4.334	-0.354274	-0.354274	-0.904016	-0.904016
4.345	-0.344163	-0.344163	-0.907858	-0.907858
4.356	-0.334051	-0.334051	-0.911588	-0.911588
4.367	-0.323939	-0.323939	-0.915207	-0.915207
4.378	-0.313827	-0.313827	-0.918715	-0.918715
4.389	-0.303715	-0.303715	-0.922111	-0.922111
4.4	-0.293603	-0.293603	-0.925396	-0.925396
4.411	-0.283491	-0.283491	-0.92857	-0.92857
4.422	-0.27338	-0.27338	-0.931633	-0.931633
4.433	-0.263268	-0.263268	-0.934585	-0.934585
4.444	-0.253156	-0.253156	-0.937425	-0.937425
4.455	-0.243044	-0.243044	-0.940154	-0.940154
4.466	-0.232932	-0.232932	-0.942772	-0.942772
4.477	-0.22282	-0.22282	-0.945279	-0.945279
4.488	-0.212708	-0.212708	-0.947674	-0.947674
4.499	-0.202597	-0.202597	-0.949958	-0.949958
4.51	-0.192485	-0.192485	-0.952131	-0.952131
4.521	-0.182373	-0.182373	-0.954193	-0.954193
4.532	-0.172261	-0.172261	-0.956143	-0.956143
4.543	-0.162149	-0.162149	-0.957983	-0.957983
4.554	-0.152037	-0.152037	-0.959711	-0.959711
4.565	-0.141925	-0.141925	-0.961328	-0.961328
4.576	-0.131814	-0.131814	-0.962833	-0.962833
4.587	-0.121702	-0.121702	-0.964227	-0.964227
4.598	-0.11159	-0.11159	-0.965511	-0.965511
4.609	-0.101478	-0.101478	-0.966682	-0.966682
4.62	-0.0913662	-0.0913662	-0.967743	-0.967743
4.631	-0.0812543	-0.0812543	-0.968692	-0.968692
4.642	-0.0706689	-0.0706689	-0.969528	-0.969528
4.653	-0.0600572	-0.0600572	-0.970247	-0.970247
4.664	-0.0494454	-0.0494454	-0.970849	-0.970849
4.675	-0.0388337	-0.0388337	-0.971335	-0.971335
4.686	-0.028222	-0.028222	-0.971704	-0.971704
4.697	-0.0176102	-0.0176102	-0.971956	-0.971956
4.708	-0.0069985	-0.0069985	-0.972091	-0.972091
4.719	0.00361323	0.00361323	-0.97211	-0.97211
4.73	0.014225	0.014225	-0.972012	-0.972012
4.741	0.0248367	0.0248367	-0.971797	-0.971797
4.752	0.0354484	0.0354484	-0.971465	-0.971465
4.763	0.0460602	0.0460602	-0.971017	-0.971017
4.774	0.0566719	0.0566719	-0.970452	-0.970452
4.785	0.0672836	0.0672836	-0.96977	-0.96977
4.796	0.0778953	0.0778953	-0.968972	-0.968972
4.807	0.0885071	0.0885071	-0.968057	-0.968057
4.818	0.0991188	0.0991188	-0.967025	-0.967025
4.829	0.109731	0.109731	-0.965876	-0.965876
4.84	0.120342	0.120342	-0.964611	-0.964611
4.851	0.130954	0.130954	-0.963228	-0.963228
4.862	0.141566	0.141566	-0.96173	-0.96173
4.873	0.152177	0.152177	-0.960114	-0.960114
4.884	0.162789	0.162789	-0.958382	-0.958382
4.895	0.173401	0.173401	-0.956533	-0.956533
4.906	0.184013	0.184013	-0.954567	-0.954567
4.917	0.194624	0.194624	-0.952484	-0.952484
4.928	0.205236	0.205236	-0.950285	-0.950285
4.939	0.215848	0.215848	-0.947969	-0.947969
4.95	0.22646	0.22646	-0.945536	-0.945536
4.961	0.237071	0.237071	-0.942987	-0.942987
4.972	0.247683	0.247683	-0.940321	-0.940321
4.983	0.258295	0.258295	-0.937538	-0.937538
4.994	0.268907	0.268907	-0.934638	-0.934638
5.005	0.279518	0.279518	-0.931622	-0.931622
5.016	0.29013	0.29013	-0.928489	-0.928489
5.027	0.300742	0.300742	-0.925239	-0.925239
5.038	0.311353	0.311353	-0.921873	-0.921873
5.049	0.321965	0.321965	-0.918389	-0.918389
5.06	0.332577	0.332577	-0.914789	-0.914789
5.071	0.343189	0.343189	-0.911073	-0.911073
5.082	0.3538	0.3538	-0.907239	-0.907239
5.093	0.364412	0.364412	-0.903289	-0.903289
5.104	0.375024	0.375024	-0.899222	-0.899222
5.115	0.385636	0.385636	-0.895039	-0.895039
5.126	0.396247	0.396247	-0.890738	-0.890738
5.137	0.406859	0.406859	-0.886321	-0.886321
5.148	0.417471	0.417471	-0.881787	-0.881787
5.159	0.428082	0.428082	-0.877137	-0.877137
5.17	0.438694	0.438694	-0.872369	-0.872369
5.181	0.449306	0.449306	-0.867485	-0.867485
5.192	0.459918	0.459918	-0.862485	-0.862485
5.203	0.470529	0.470529	-0.857367	-0.857367
5.214	0.480207	0.480207	-0.852135	-0.852135
5.225	0.48786	0.48786	-0.84681	-0.84681
5.236	0.495513	0.495513	-0.841402	-0.841402
5.247	0.503166	0.503166	-0.835909	-0.835909
5.258	0.510819	0.510819	-0.830332	-0.830332
5.269	0.518472	0.518472	-0.824671	-0.824671
5.28	0.526125	0.526125	-0.818926	-0.818926
5.291	0.533778	0.533778	-0.813096	-0.813096
5.302	0.541431	0.541431	-0.807183	-0.807183
5.313	0.549084	0.549084	-0.801185	-0.801185
5.324	0.556737	0.556737	-0.795103	-0.795103
5.335	0.56439	0.56439	-0.788937	-0.788937
5.346	0.572043	0.572043	-0.782686	-0.782686
5.357	0.579696	0.579696	-0.776352	-0.776352
5.368	0.587349	0.587349	-0.769933	-0.769933
5.379	0.595002	0.595002	-0.76343	-0.76343
5.39	0.602655	0.602655	-0.756843	-0.756843
5.401	0.610308	0.610308	-0.750172	-0.750172
5.412	0.617961	0.617961	-0.743416	-0.743416
5.423	0.625614	0.625614	-0.736576	-0.736576
5.434	0.633267	0.633267	-0.729653	-0.729653
5.445	0.64092	0.64092	-0.722645	-0.722645
5.456	0.648573	0.648573	-0.715552	-0.715552
5.467	0.656226	0.656226	-0.708376	-0.708376
5.478	0.663879	0.663879	-0.701115	-0.701115
5.489	0.671532	0.671532	-0.693771	-0.693771
5.5	0.679185	0.679185	-0.686342	-0.686342
5.511	0.686838	0.686838	-0.678829	-0.678829
5.522	0.694491	0.694491	-0.671231	-0.671231
5.533	0.702144	0.702144	-0.66355	-0.66355
5.544	0.709797	0.709797	-0.655784	-0.655784
5.555	0.71745	0.71745	-0.647934	-0.647934
5.566	0.725103	0.725103	-0.64	-0.64
5.577	0.732756	0.732756	-0.631982	-0.631982
5.588	0.740409	0.740409	-0.62388	-0.62388
5.599	0.748062	0.748062	-0.615693	-0.615693
5.61	0.755715	0.755715	-0.607422	-0.607422
5.621	0.763368	0.763368	-0.599067	-0.599067
5.632	0.771021	0.771021	-0.590628	-0.590628
5.643	0.778674	0.778674	-0.582105	-0.582105
5.654	0.786327	0.786327	-0.573497	-0.573497
5.665	0.79398	0.79398	-0.564806	-0.564806
5.676	0.801633	0.801633	-0.55603	-0.55603
5.687	0.809286	0.809286	-0.54717	-0.54717
5.698	0.816939	0.816939	-0.538225	-0.538225
5.709	0.824592	0.824592	-0.529197	-0.529197
5.72	0.832245	0.832245	-0.520084	-0.520084
5.731	0.839898	0.839898	-0.510888	-0.510888
5.742	0.847551	0.847551	-0.501607	-0.501607
5.753	0.855204	0.855204	-0.492241	-0.492241
5.764	0.862857	0.862857	-0.482792	-0.482792
5.775	0.87051	0.87051	-0.473259	-0.473259
5.786	0.878163	0.878163	-0.463641	-0.463641
5.797	0.882085	0.882085	-0.453953	-0.453953
5.808	0.884285	0.884285	-0.444238	-0.444238
5.819	0.886485	0.886485	-0.434499	-0.434499
5.83	0.888685	0.888685	-0.424735	-0.424735
5.841	0.890885	0.890885	-0.414948	-0.414948
5.852	0.893085	0.893085	-0.405136	-0.405136
5.863	0.895285	0.895285	-0.3953	-0.3953
5.874	0.897485	0.897485	-0.38544	-0.38544
5.885	0.899685	0.899685	-0.375555	-0.375555
5.896	0.901885	0.901885	-0.365647	-0.365647
5.907	0.904085	0.904085	-0.355714	-0.355714
5.918	0.906285	0.906285	-0.345757	-0.345757
5.929	0.908485	0.908485	-0.335775	-0.335775
5.94	0.910685	0.910685	-0.32577	-0.32577
5.951	0.912885	0.912885	-0.31574	-0.31574
5.962	0.915085	0.915085	-0.305686	-0.305686
5.973	0.917285	0.917285	-0.295608	-0.295608
5.984	0.919485	0.919485	-0.285506	-0.285506
5.995	0.921685	0.921685	-0.27538	-0.27538
6.006	0.923885	0.923885	-0.265229	-0.265229
6.017	0.926085	0.926085	-0.255054	-0.255054
6.028	0.928285	0.928285	-0.244855	-0.244855
6.039	0.930485	0.930485	-0.234632	-0.234632
6.05	0.932685	0.932685	-0.224385	-0.224385
6.061	0.934885	0.934885	-0.214113	-0.214113
6.072	0.937085	0.937085	-0.203817	-0.203817
6.083	0.939285	0.939285	-0.193497	-0.193497
6.094	0.941485	0.941485	-0.183153	-0.183153
6.105	0.943685	0.943685	-0.172784	-0.172784
6.116	0.945885	0.945885	-0.162392	-0.162392
6.127	0.948085	0.948085	-0.151975	-0.151975
6.138	0.950285	0.950285	-0.141534	-0.141534
6.149	0.952485	0.952485	-0.131069	-0.131069
6.16	0.954685	0.954685	-0.120579	-0.120579
6.171	0.956885	0.956885	-0.110066	-0.110066
6.182	0.959085	0.959085	-0.0995277	-0.0995277
6.193	0.961285	0.961285	-0.0889657	-0.0889657
6.204	0.963485	0.963485	-0.0783794	-0.0783794
6.215	0.965685	0.965685	-0.067769	-0.067769
6.226	0.967885	0.967885	-0.0571343	-0.0571343
6.237	0.970085	0.970085	-0.0464755	-0.0464755
6.248	0.972285	0.972285	-0.0357925	-0.0357925
6.259	0.974485	0.974485	-0.0250852	-0.0250852
6.27	0.976685	0.976685	-0.0143538	-0.0143538
6.281	0.978885	0.978885	-0.00359815	-0.00359815
6.292	0.981085	0.981085	0.00718169	0.00718169
6.303	0.983285	0.983285	0.0179857	0.0179857
6.314	0.985485	0.985485	0.028814	0.028814
6.325	0.987685	0.987685	0.0396664	0.0396664
6.336	0.989885	0.989885	0.050543	0.050543
6.347	0.992085	0.992085	0.0614439	0.0614439
6.358	0.994285	0.994285	0.0723689	0.0723689
6.369	0.996161	0.996161	0.0833181	0.0833181
6.38	0.992191	0.992191	0.094254	0.094254
6.391	0.988221	0.988221	0.105146	0.105146
6.402	0.984251	0.984251	0.115995	0.115995
6.413	0.980281	0.980281	0.1268	0.1268
6.424	0.976311	0.976311	0.137561	0.137561
6.435	0.97234	0.97234	0.148279	0.148279
6.446	0.96837	0.96837	0.158953	0.158953
6.457	0.9644	0.9644	0.169583	0.169583
6.468	0.96043	0.96043	0.180169	0.180169
6.479	0.95646	0.95646	0.190712	0.190712
6.49	0.95249	0.95249	0.201211	0.201211
6.501	0.94852	0.94852	0.211667	0.211667
6.512	0.94455	0.94455	0.222079	0.222079
6.523	0.94058	0.94058	0.232447	0.232447
6.534	0.93661	0.93661	0.242772	0.242772
6.545	0.93264	0.93264	0.253053	0.253053
6.556	0.92867	0.92867	0.26329	0.26329
6.567	0.9247	0.9247	0.273483	0.273483
6.578	0.92073	0.92073	0.283633	0.283633
6.589	0.91676	0.91676	0.293739	0.293739
6.6	0.91279	0.91279	0.303802	0.303802
6.611	0.90882	0.90882	0.313821	0.313821
6.622	0.90485	0.90485	0.323796	0.323796
6.633	0.90088	0.90088	0.333727	0.333727
6.644	0.89691	0.89691	0.343615	0.343615
6.655	0.89294	0.89294	0.353459	0.353459
6.666	0.88897	0.88897	0.36326	0.36326
6.677	0.885	0.885	0.373017	0.373017
6.688	0.88103	0.88103	0.38273	0.38273
6.699	0.87706	0.87706	0.392399	0.392399
6.71	0.87309	0.87309	0.402025	0.402025
6.721	0.86912	0.86912	0.411607	0.411607
6.732	0.86515	0.86515	0.421146	0.421146
6.743	0.86118	0.86118	0.430641	0.430641
6.754	0.85721	0.85721	0.440092	0.440092
6.765	0.85324	0.85324	0.449499	0.449499
6.776	0.84927	0.84927	0.458863	0.458863
6.787	0.845299	0.845299	0.468183	0.468183
6.798	0.841329	0.841329	0.47746	0.47746
6.809	0.837359	0.837359	0.486692	0.486692
6.82	0.833389	0.833389	0.495882	0.495882
6.831	0.829419	0.829419	0.505027	0.505027
6.842	0.825449	0.825449	0.514129	0.514129
6.853	0.821479	0.821479	0.523187	0.523187
6.864	0.817509	0.817509	0.532201	0.532201
6.875	0.813539	0.813539	0.541172	0.541172
6.886	0.809569	0.809569	0.550099	0.550099
6.897	0.805599	0.805599	0.558983	0.558983
6.908	0.801629	0.801629	0.567822	0.567822
6.919	0.797659	0.797659	0.576619	0.576619
6.93	0.793689	0.793689	0.585371	0.585371
6.941	0.789719	0.789719	0.59408	0.59408
6.952	0.783696	0.783696	0.60274	0.60274
6.963	0.77485	0.77485	0.611312	0.611312
6.974	0.766004	0.766004	0.619787	0.619787
6.985	0.757157	0.757157	0.628164	0.628164
6.996	0.748311	0.748311	0.636444	0.636444
7.007	0.739465	0.739465	0.644627	0.644627
7.018	0.730619	0.730619	0.652712	0.652712
7.029	0.721773	0.721773	0.660701	0.660701
7.04	0.712927	0.712927	0.668591	0.668591
7.051	0.704081	0.704081	0.676385	0.676385
7.062	0.695234	0.695234	0.684081	0.684081
7.073	0.686388	0.686388	0.69168	0.69168
7.084	0.677542	0.677542	0.699182	0.699182
7.095	0.668696	0.668696	0.706586	0.706586
7.106	0.65985	0.65985	0.713893	0.713893
7.117	0.651004	0.651004	0.721103	0.721103
7.128	0.642158	0.642158	0.728215	0.728215
7.139	0.633311	0.633311	0.73523	0.73523
7.15	0.624465	0.624465	0.742148	0.742148
7.161	0.615619	0.615619	0.748968	0.748968
7.172	0.606773	0.606773	0.755692	0.755692
7.183	0.597927	0.597927	0.762317	0.762317
7.194	0.589081	0.589081	0.768846	0.768846
7.205	0.580235	0.580235	0.775277	0.775277
7.216	0.571388	0.571388	0.781611	0.781611
7.227	0.562542	0.562542	0.787848	0.787848
7.238	0.553696	0.553696	0.793987	0.793987
7.249	0.54485	0.54485	0.800029	0.800029
7.26	0.536004	0.536004	0.805974	0.805974
7.271	0.527158	0.527158	0.811821	0.811821
7.282	0.518312	0.518312	0.817571	0.817571
7.293	0.509465	0.509465	0.823224	0.823224
7.304	0.500619	0.500619	0.828779	0.828779
7.315	0.491773	0.491773	0.834238	0.834238
7.326	0.482927	0.482927	0.839598	0.839598
7.337	0.474081	0.474081	0.844862	0.844862
7.348	0.465235	0.465235	0.850028	0.850028
7.359	0.456388	0.456388	0.855097	0.855097
7.37	0.447542	0.447542	0.860069	0.860069
7.381	0.438696	0.438696	0.864943	0.864943
7.392	0.42985	0.42985	0.86972	0.86972
7.403	0.421004	0.421004	0.8744	0.8744
7.414	0.412158	0.412158	0.878982	0.878982
7.425	0.403312	0.403312	0.883467	0.883467
7.436	0.394465	0.394465	0.887855	0.887855
7.447	0.385619	0.385619	0.892146	0.892146
7.458	0.376773	0.376773	0.896339	0.896339
7.469	0.367927	0.367927	0.900435	0.900435
7.48	0.359081	0.359081	0.904433	0.904433
7.491	0.350235	0.350235	0.908334	0.908334
7.502	0.341389	0.341389	0.912138	0.912138
7.513	0.332542	0.332542	0.915845	0.915845
7.524	0.323696	0.323696	0.919454	0.919454
7.535	0.313277	0.313277	0.922959	0.922959
7.546	0.302438	0.302438	0.926346	0.926346
7.557	0.291599	0.291599	0.929613	0.929613
7.568	0.280759	0.280759	0.932761	0.932761
7.579	0.26992	0.26992	0.93579	0.93579
7.59	0.259081	0.259081	0.938699	0.938699
7.601	0.248242	0.248242	0.941489	0.941489
7.612	0.237403	0.237403	0.94416	0.94416
7.623	0.226564	0.226564	0.946712	0.946712
7.634	0.215725	0.215725	0.949145	0.949145
7.645	0.204886	0.204886	0.951458	0.951458
7.656	0.194047	0.194047	0.953652	0.953652
7.667	0.183207	0.183207	0.955727	0.955727
7.678	0.172368	0.172368	0.957683	0.957683
7.689	0.161529	0.161529	0.959519	0.959519
7.7	0.15069	0.15069	0.961237	0.961237
7.711	0.139851	0.139851	0.962835	0.962835
7.722	0.129012	0.129012	0.964313	0.964313
7.733	0.118173	0.118173	0.965673	0.965673
7.744	0.107334	0.107334	0.966913	0.966913
7.755	0.0964946	0.0964946	0.968034	0.968034
7.766	0.0856555	0.0856555	0.969036	0.969036
7.777	0.0748164	0.0748164	0.969919	0.969919
7.788	0.0639773	0.0639773	0.970682	0.970682
7.799	0.0531382	0.0531382	0.971326	0.971326
7.81	0.042299	0.042299	0.971851	0.971851
7.821	0.0314599	0.0314599	0.972257	0.972257
7.832	0.0206208	0.0206208	0.972543	0.972543
7.843	0.00978172	0.00978172	0.97271	0.97271
7.854	-0.00105739	-0.00105739	0.972758	0.972758
7.865	-0.0118965	-0.0118965	0.972687	0.972687
7.876	-0.0227356	-0.0227356	0.972497	0.972497
7.887	-0.0335747	-0.0335747	0.972187	0.972187
7.898	-0.0444138	-0.0444138	0.971758	0.971758
7.909	-0.0552529	-0.0552529	0.97121	0.97121
7.92	-0.066092	-0.066092	0.970542	0.970542
7.931	-0.0769311	-0.0769311	0.969756	0.969756
7.942	-0.0877703	-0.0877703	0.96885	0.96885
7.953	-0.0986094	-0.0986094	0.967825	0.967825
7.964	-0.109448	-0.109448	0.96668	0.96668
7.975	-0.120288	-0.120288	0.965417	0.965417
7.986	-0.131127	-0.131127	0.964034	0.964034
7.997	-0.141966	-0.141966	0.962532	0.962532
8.008	-0.152805	-0.152805	0.960911	0.960911
8.019	-0.163644	-0.163644	0.95917	0.95917
8.03	-0.174483	-0.174483	0.957311	0.957311
8.041	-0.185322	-0.185322	0.955332	0.955332
8.052	-0.196161	-0.196161	0.953234	0.953234
8.063	-0.207	-0.207	0.951016	0.951016
8.074	-0.21784	-0.21784	0.94868	0.94868
8.085	-0.228679	-0.228679	0.946224	0.946224
8.096	-0.239518	-0.239518	0.943649	0.943649
8.107	-0.250114	-0.250114	0.940955	0.940955
8.118	-0.259413	-0.259413	0.938152	0.938152
8.129	-0.268712	-0.268712	0.935248	0.935248
8.14	-0.278012	-0.278012	0.932241	0.932241
8.151	-0.287311	-0.287311	0.929131	0.929131
8.162	-0.296611	-0.296611	0.92592	0.92592
8.173	-0.30591	-0.30591	0.922606	0.922606
8.184	-0.315209	-0.315209	0.91919	0.91919
8.195	-0.324509	-0.324509	0.915671	0.915671
8.206	-0.333808	-0.333808	0.91205	0.91205
8.217	-0.343107	-0.343107	0.908327	0.908327
8.228	-0.352407	-0.352407	0.904502	0.904502
8.239	-0.361706	-0.361706	0.900575	0.900575
8.25	-0.371006	-0.371006	0.896545	0.896545
8.261	-0.380305	-0.380305	0.892412	0.892412
8.272	-0.389604	-0.389604	0.888178	0.888178
8.283	-0.398904	-0.398904	0.883841	0.883841
8.294	-0.408203	-0.408203	0.879402	0.879402
8.305	-0.417502	-0.417502	0.874861	0.874861
8.316	-0.426802	-0.426802	0.870217	0.870217
8.327	-0.436101	-0.436101	0.865471	0.865471
8.338	-0.4454	-0.4454	0.860623	0.860623
8.349	-0.4547	-0.4547	0.855672	0.855672
8.36	-0.463999	-0.463999	0.850619	0.850619
8.371	-0.473299	-0.473299	0.845464	0.845464
8.382	-0.482598	-0.482598	0.840207	0.840207
8.393	-0.491897	-0.491897	0.834847	0.834847
8.404	-0.501197	-0.501197	0.829385	0.829385
8.415	-0.510496	-0.510496	0.823821	0.823821
8.426	-0.519795	-0.519795	0.818154	0.818154
8.437	-0.529095	-0.529095	0.812385	0.812385
8.448	-0.538394	-0.538394	0.806514	0.806514
8.459	-0.547694	-0.547694	0.800541	0.800541
8.47	-0.556993	-0.556993	0.794465	0.794465
8.481	-0.566292	-0.566292	0.788287	0.788287
8.492	-0.575592	-0.575592	0.782006	0.782006
8.503	-0.584891	-0.584891	0.775624	0.775624
8.514	-0.59419	-0.59419	0.769139	0.769139
8.525	-0.60349	-0.60349	0.762551	0.762551
8.536	-0.612789	-0.612789	0.755862	0.755862
8.547	-0.622088	-0.622088	0.74907	0.74907
8.558	-0.631388	-0.631388	0.742176	0.742176
8.569	-0.640687	-0.640687	0.73518	0.73518
8.58	-0.649987	-0.649987	0.728081	0.728081
8.591	-0.659286	-0.659286	0.72088	0.72088
8.602	-0.668585	-0.668585	0.713577	0.713577
8.613	-0.677885	-0.677885	0.706171	0.706171
8.624	-0.687184	-0.687184	0.698663	0.698663
8.635	-0.696483	-0.696483	0.691053	0.691053
8.646	-0.705783	-0.705783	0.683341	0.683341
8.657	-0.715082	-0.715082	0.675526	0.675526
8.668	-0.724381	-0.724381	0.667609	0.667609
8.679	-0.733681	-0.733681	0.659589	0.659589
8.69	-0.740575	-0.740575	0.651475	0.651475
8.701	-0.745303	-0.745303	0.643302	0.643302
8.712	-0.750032	-0.750032	0.635078	0.635078
8.723	-0.754761	-0.754761	0.626802	0.626802
8.734	-0.75949	-0.75949	0.618473	0.618473
8.745	-0.764218	-0.764218	0.610093	0.610093
8.756	-0.768947	-0.768947	0.60166	0.60166
8.767	-0.773676	-0.773676	0.593176	0.593176
8.778	-0.778405	-0.778405	0.58464	0.58464
8.789	-0.783133	-0.783133	0.576051	0.576051
8.8	-0.787862	-0.787862	0.567411	0.567411
8.811	-0.792591	-0.792591	0.558718	0.558718
8.822	-0.79732	-0.79732	0.549974	0.549974
8.833	-0.802049	-0.802049	0.541177	0.541177
8.844	-0.806777	-0.806777	0.532329	0.532329
8.855	-0.811506	-0.811506	0.523428	0.523428
8.866	-0.816235	-0.816235	0.514475	0.514475
8.877	-0.820964	-0.820964	0.505471	0.505471
8.888	-0.825692	-0.825692	0.496414	0.496414
8.899	-0.830421	-0.830421	0.487306	0.487306
8.91	-0.83515	-0.83515	0.478145	0.478145
8.921	-0.839879	-0.839879	0.468932	0.468932
8.932	-0.844607	-0.844607	0.459668	0.459668
8.943	-0.849336	-0.849336	0.450351	0.450351
8.954	-0.854065	-0.854065	0.440982	0.440982
8.965	-0.858794	-0.858794	0.431562	0.431562
8.976	-0.863522	-0.863522	0.422089	0.422089
8.987	-0.868251	-0.868251	0.412564	0.412564
8.998	-0.87298	-0.87298	0.402987	0.402987
9.009	-0.877709	-0.877709	0.393358	0.393358
9.02	-0.882437	-0.882437	0.383678	0.383678
9.031	-0.887166	-0.887166	0.373945	0.373945
9.042	-0.891895	-0.891895	0.36416	0.36416
9.053	-0.896624	-0.896624	0.354323	0.354323
9.064	-0.901352	-0.901352	0.344434	0.344434
9.075	-0.906081	-0.906081	0.334493	0.334493
9.086	-0.91081	-0.91081	0.324501	0.324501
9.097	-0.915539	-0.915539	0.314456	0.314456
9.108	-0.920267	-0.920267	0.304359	0.304359
9.119	-0.924996	-0.924996	0.29421	0.29421
9.13	-0.929725	-0.929725	0.284009	0.284009
9.141	-0.934454	-0.934454	0.273756	0.273756
9.152	-0.939183	-0.939183	0.263451	0.263451
9.163	-0.943911	-0.943911	0.253094	0.253094
9.174	-0.94864	-0.94864	0.242685	0.242685
9.185	-0.953369	-0.953369	0.232224	0.232224
9.196	-0.958098	-0.958098	0.221711	0.221711
9.207	-0.962826	-0.962826	0.211146	0.211146
9.218	-0.967555	-0.967555	0.200528	0.200528
9.229	-0.972284	-0.972284	0.189859	0.189859
9.24	-0.977013	-0.977013	0.179138	0.179138
9.251	-0.981741	-0.981741	0.168365	0.168365
9.262	-0.98647	-0.98647	0.15754	0.15754
9.273	-0.98573	-0.98573	0.14669	0.14669
9.284	-0.984347	-0.984347	0.135854	0.135854
9.295	-0.982964	-0.982964	0.125034	0.125034
9.306	-0.981581	-0.981581	0.114229	0.114229
9.317	-0.980198	-0.980198	0.103439	0.103439
9.328	-0.978815	-0.978815	0.0926646	0.0926646
9.339	-0.977432	-0.977432	0.0819053	0.0819053
9.35	-0.976049	-0.976049	0.0711611	0.0711611
9.361	-0.974666	-0.974666	0.0604322	0.0604322
9.372	-0.973283	-0.973283	0.0497185	0.0497185
9.383	-0.9719	-0.9719	0.0390199	0.0390199
9.394	-0.970517	-0.970517	0.0283367	0.0283367
9.405	-0.969134	-0.969134	0.0176686	0.0176686
9.416	-0.967751	-0.967751	0.00701571	0.00701571
9.427	-0.966368	-0.966368	-0.00362194	-0.00362194
9.438	-0.964985	-0.964985	-0.0142444	-0.0142444
9.449	-0.963602	-0.963602	-0.0248516	-0.0248516
9.46	-0.962218	-0.962218	-0.0354436	-0.0354436
9.471	-0.960835	-0.960835	-0.0460204	-0.0460204
9.482	-0.959452	-0.959452	-0.056582	-0.056582
9.493	-0.958069	-0.958069	-0.0671284	-0.0671284
9.504	-0.956686	-0.956686	-0.0776595	-0.0776595
9.515	-0.955303	-0.955303	-0.0881755	-0.0881755
9.526	-0.95392	-0.95392	-0.0986762	-0.0986762
9.537	-0.952537	-0.952537	-0.109162	-0.109162
9.548	-0.951154	-0.951154	-0.119632	-0.119632
9.559	-0.949771	-0.949771	-0.130087	-0.130087
9.57	-0.948388	-0.948388	-0.140527	-0.140527
9.581	-0.947005	-0.947005	-0.150952	-0.150952
9.592	-0.945622	-0.945622	-0.161361	-0.161361
9.603	-0.944239	-0.944239	-0.171755	-0.171755
9.614	-0.942856	-0.942856	-0.182134	-0.182134
9.625	-0.941473	-0.941473	-0.192498	-0.192498
9.636	-0.94009	-0.94009	-0.202847	-0.202847
9.647	-0.938707	-0.938707	-0.21318	-0.21318
9.658	-0.937323	-0.937323	-0.223498	-0.223498
9.669	-0.93594	-0.93594	-0.233801	-0.233801
9.68	-0.934557	-0.934557	-0.244089	-0.244089
9.691	-0.933174	-0.933174	-0.254361	-0.254361
9.702	-0.931791	-0.931791	-0.264619	-0.264619
9.713	-0.930408	-0.930408	-0.274861	-0.274861
9.724	-0.929025	-0.929025	-0.285088	-0.285088
9.735	-0.927642	-0.927642	-0.295299	-0.295299
9.746	-0.926259	-0.926259	-0.305496	-0.305496
9.757	-0.924876	-0.924876	-0.315677	-0.315677
9.768	-0.923493	-0.923493	-0.325843	-0.325843
9.779	-0.92211	-0.92211	-0.335994	-0.335994
9.79	-0.920727	-0.920727	-0.34613	-0.34613
9.801	-0.919344	-0.919344	-0.35625	-0.35625
9.812	-0.917961	-0.917961	-0.366355	-0.366355
9.823	-0.916578	-0.916578	-0.376445	-0.376445
9.834	-0.915195	-0.915195	-0.38652	-0.38652
9.845	-0.912322	-0.912322	-0.396577	-0.396577
9.856	-0.905278	-0.905278	-0.406574	-0.406574
9.867	-0.898234	-0.898234	-0.416493	-0.416493
9.878	-0.891189	-0.891189	-0.426335	-0.426335
9.889	-0.884145	-0.884145	-0.4361	-0.4361
9.9	-0.877101	-0.877101	-0.445786	-0.445786
9.911	-0.870057	-0.870057	-0.455396	-0.455396
9.922	-0.863013	-0.863013	-0.464928	-0.464928
9.933	-0.855969	-0.855969	-0.474382	-0.474382
9.944	-0.848925	-0.848925	-0.483759	-0.483759
9.955	-0.841881	-0.841881	-0.493058	-0.493058
9.966	-0.834837	-0.834837	-0.50228	-0.50228
9.977	-0.827793	-0.827793	-0.511425	-0.511425
9.988	-0.820748	-0.820748	-0.520492	-0.520492
9.999	-0.813704	-0.813704	-0.529481	-0.529481
10.01	-0.80666	-0.80666	-0.538393	-0.538393
10.021	-0.799616	-0.799616	-0.547228	-0.547228
10.032	-0.792572	-0.792572	-0.555985	-0.555985
10.043	-0.785528	-0.785528	-0.564664	-0.564664
10.054	-0.778484	-0.778484	-0.573266	-0.573266
10.065	-0.77144	-0.77144	-0.581791	-0.581791
10.076	-0.764396	-0.764396	-0.590238	-0.590238
10.087	-0.757352	-0.757352	-0.598608	-0.598608
10.098	-0.750307	-0.750307	-0.6069	-0.6069
10.109	-0.743263	-0.743263	-0.615114	-0.615114
10.12	-0.736219	-0.736219	-0.623252	-0.623252
10.131	-0.729175	-0.729175	-0.631311	-0.631311
10.142	-0.722131	-0.722131	-0.639293	-0.639293
10.153	-0.715087	-0.715087	-0.647198	-0.647198
10.164	-0.708043	-0.708043	-0.655025	-0.655025
10.175	-0.700999	-0.700999	-0.662775	-0.662775
10.186	-0.693955	-0.693955	-0.670447	-0.670447
10.197	-0.686911	-0.686911	-0.678042	-0.678042
10.208	-0.679866	-0.679866	-0.685559	-0.685559
10.219	-0.672822	-0.672822	-0.692999	-0.692999
10.23	-0.665778	-0.665778	-0.700361	-0.700361
10.241	-0.658734	-0.658734	-0.707646	-0.707646
10.252	-0.65169	-0.65169	-0.714854	-0.714854
10.263	-0.644646	-0.644646	-0.721983	-0.721983
10.274	-0.637602	-0.637602	-0.729036	-0.729036
10.285	-0.630558	-0.630558	-0.736011	-0.736011
10.296	-0.623514	-0.623514	-0.742908	-0.742908
10.307	-0.61647	-0.61647	-0.749728	-0.749728
10.318	-0.609425	-0.609425	-0.75647	-0.75647
10.329	-0.602381	-0.602381	-0.763135	-0.763135
10.34	-0.595337	-0.595337	-0.769723	-0.769723
10.351	-0.588293	-0.588293	-0.776233	-0.776233
10.362	-0.581249	-0.581249	-0.782665	-0.782665
10.373	-0.574205	-0.574205	-0.78902	-0.78902
10.384	-0.567161	-0.567161	-0.795298	-0.795298
10.395	-0.560117	-0.560117	-0.801498	-0.801498
10.406	-0.553073	-0.553073	-0.80762	-0.80762
10.417	-0.546029	-0.546029	-0.813665	-0.813665
10.428	-0.536859	-0.536859	-0.819626	-0.819626
10.439	-0.52645	-0.52645	-0.825474	-0.825474
10.45	-0.51604	-0.51604	-0.831207	-0.831207
10.461	-0.505631	-0.505631	-0.836827	-0.836827
10.472	-0.495222	-0.495222	-0.842331	-0.842331
10.483	-0.484812	-0.484812	-0.847722	-0.847722
10.494	-0.474403	-0.474403	-0.852997	-0.852997
10.505	-0.463994	-0.463994	-0.858158	-0.858158
10.516	-0.453584	-0.453584	-0.863205	-0.863205
10.527	-0.443175	-0.443175	-0.868137	-0.868137
10.538	-0.432766	-0.432766	-0.872955	-0.872955
10.549	-0.422356	-0.422356	-0.877658	-0.877658
10.56	-0.411947	-0.411947	-0.882247	-0.882247
10.571	-0.401538	-0.401538	-0.886721	-0.886721
10.582	-0.391129	-0.391129	-0.891081	-0.891081
10.593	-0.380719	-0.380719	-0.895326	-0.895326
10.604	-0.37031	-0.37031	-0.899456	-0.899456
10.615	-0.359901	-0.359901	-0.903473	-0.903473
10.626	-0.349491	-0.349491	-0.907374	-0.907374
10.637	-0.339082	-0.339082	-0.911161	-0.911161
10.648	-0.328673	-0.328673	-0.914834	-0.914834
10.659	-0.318263	-0.318263	-0.918392	-0.918392
10.67	-0.307854	-0.307854	-0.921836	-0.921836
10.681	-0.297445	-0.297445	-0.925165	-0.925165
10.692	-0.287035	-0.287035	-0.92838	-0.92838
10.703	-0.276626	-0.276626	-0.93148	-0.93148
10.714	-0.266217	-0.266217	-0.934465	-0.934465
10.725	-0.255807	-0.255807	-0.937337	-0.937337
10.736	-0.245398	-0.245398	-0.940093	-0.940093
10.747	-0.234989	-0.234989	-0.942735	-0.942735
10.758	-0.224579	-0.224579	-0.945263	-0.945263
10.769	-0.21417	-0.21417	-0.947676	-0.947676
10.78	-0.203761	-0.203761	-0.949975	-0.949975
10.791	-0.193351	-0.193351	-0.952159	-0.952159
10.802	-0.182942	-0.182942	-0.954228	-0.954228
10.813	-0.172533	-0.172533	-0.956184	-0.956184
10.824	-0.162123	-0.162123	-0.958024	-0.958024
10.835	-0.151714	-0.151714	-0.95975	-0.95975
10.846	-0.141305	-0.141305	-0.961362	-0.961362
10.857	-0.130895	-0.130895	-0.962859	-0.962859
10.868	-0.120486	-0.120486	-0.964242	-0.964242
10.879	-0.110077	-0.110077	-0.96551	-0.96551
10.89	-0.0996675	-0.0996675	-0.966663	-0.966663
10.901	-0.0892582	-0.0892582	-0.967702	-0.967702
10.912	-0.0788489	-0.0788489	-0.968627	-0.968627
10.923	-0.0684395	-0.0684395	-0.969437	-0.969437
10.934	-0.0580302	-0.0580302	-0.970133	-0.970133
10.945	-0.0476209	-0.0476209	-0.970714	-0.970714
10.956	-0.0372116	-0.0372116	-0.97118	-0.97118
10.967	-0.0268023	-0.0268023	-0.971532	-0.971532
10.978	-0.0163929	-0.0163929	-0.97177	-0.97177
10.989	-0.00598362	-0.00598362	-0.971893	-0.971893
11	0.0044257	0.0044257	-0.971902	-0.971902
