0	1
0.011	0.999446
0.022	0.998794
0.033	0.998043
0.044	0.997194
0.055	0.996246
0.066	0.9952
0.077	0.994055
0.088	0.992812
0.099	0.99147
0.11	0.99003
0.121	0.988491
0.132	0.986854
0.143	0.985119
0.154	0.983285
0.165	0.981352
0.176	0.979321
0.187	0.977191
0.198	0.974963
0.209	0.972637
0.22	0.970212
0.231	0.967688
0.242	0.965066
0.253	0.962346
0.264	0.959527
0.275	0.956609
0.286	0.953594
0.297	0.950479
0.308	0.947266
0.319	0.943955
0.33	0.940545
0.341	0.937037
0.352	0.93343
0.363	0.929725
0.374	0.925921
0.385	0.922019
0.396	0.918018
0.407	0.913919
0.418	0.909721
0.429	0.905425
0.44	0.90103
0.451	0.896537
0.462	0.891945
0.473	0.887255
0.484	0.882466
0.495	0.877579
0.506	0.872594
0.517	0.867509
0.528	0.862327
0.539	0.857046
0.55	0.851666
0.561	0.846188
0.572	0.840612
0.583	0.834933
0.594	0.829117
0.605	0.823154
0.616	0.817049
0.627	0.810803
0.638	0.804421
0.649	0.797905
0.66	0.791257
0.671	0.784482
0.682	0.777581
0.693	0.770557
0.704	0.763414
0.715	0.756155
0.726	0.748782
0.737	0.741298
0.748	0.733707
0.759	0.726011
0.77	0.718213
0.781	0.710315
0.792	0.702322
0.803	0.694236
0.814	0.686059
0.825	0.677795
0.836	0.669447
0.847	0.661017
0.858	0.652509
0.869	0.643925
0.88	0.635268
0.891	0.626542
0.902	0.617748
0.913	0.608891
0.924	0.599973
0.935	0.590997
0.946	0.581965
0.957	0.572882
0.968	0.563749
0.979	0.554569
0.99	0.545346
1.001	0.536083
1.012	0.526782
1.023	0.517446
1.034	0.508079
1.045	0.498682
1.056	0.48926
1.067	0.479815
1.078	0.470349
1.089	0.460867
1.1	0.45137
1.111	0.441862
1.122	0.432345
1.133	0.422823
1.144	0.413299
1.155	0.403775
1.166	0.394222
1.177	0.384562
1.188	0.374795
1.199	0.364924
1.21	0.354954
1.221	0.344888
1.232	0.33473
1.243	0.324483
1.254	0.314152
1.265	0.303741
1.276	0.293252
1.287	0.28269
1.298	0.27206
1.309	0.261363
1.32	0.250605
1.331	0.239789
1.342	0.228919
1.353	0.217999
1.364	0.207032
1.375	0.196023
1.386	0.184975
1.397	0.173891
1.408	0.162777
1.419	0.151635
1.43	0.140469
1.441	0.129283
1.452	0.118081
1.463	0.106867
1.474	0.0956446
1.485	0.0844174
1.496	0.0731893
1.507	0.0619641
1.518	0.0507456
1.529	0.0395376
1.54	0.028344
1.551	0.0171684
1.562	0.00601482
1.573	-0.0051131
1.584	-0.0162115
1.595	-0.0272766
1.606	-0.0383046
1.617	-0.0492916
1.628	-0.060234
1.639	-0.0711278
1.65	-0.0819694
1.661	-0.0927548
1.672	-0.10348
1.683	-0.114142
1.694	-0.124736
1.705	-0.135259
1.716	-0.145707
1.727	-0.156076
1.738	-0.166363
1.749	-0.17664
1.76	-0.186954
1.771	-0.197301
1.782	-0.207679
1.793	-0.218083
1.804	-0.228511
1.815	-0.238958
1.826	-0.249422
1.837	-0.259899
1.848	-0.270386
1.859	-0.280879
1.87	-0.291374
1.881	-0.301869
1.892	-0.312359
1.903	-0.322842
1.914	-0.333314
1.925	-0.343771
1.936	-0.354211
1.947	-0.364629
1.958	-0.375022
1.969	-0.385387
1.98	-0.39572
1.991	-0.406018
2.002	-0.416277
2.013	-0.426495
2.024	-0.436667
2.035	-0.44679
2.046	-0.456861
2.057	-0.466876
2.068	-0.476832
2.079	-0.486725
2.09	-0.496553
2.101	-0.50631
2.112	-0.515995
2.123	-0.525603
2.134	-0.535132
2.145	-0.544577
2.156	-0.553936
2.167	-0.563204
2.178	-0.572379
2.189	-0.581456
2.2	-0.590434
2.211	-0.599307
2.222	-0.608073
2.233	-0.616729
2.244	-0.62527
2.255	-0.633693
2.266	-0.641996
2.277	-0.650173
2.288	-0.658223
2.299	-0.666142
2.31	-0.673925
2.321	-0.681581
2.332	-0.689178
2.343	-0.696726
2.354	-0.704224
2.365	-0.71167
2.376	-0.719061
2.387	-0.726397
2.398	-0.733674
2.409	-0.740891
2.42	-0.748046
2.431	-0.755137
2.442	-0.762163
2.453	-0.76912
2.464	-0.776008
2.475	-0.782823
2.486	-0.789565
2.497	-0.796231
2.508	-0.80282
2.519	-0.809329
2.53	-0.815756
2.541	-0.8221
2.552	-0.828358
2.563	-0.834529
2.574	-0.84061
2.585	-0.8466
2.596	-0.852497
2.607	-0.858299
2.618	-0.864003
2.629	-0.869608
2.64	-0.875112
2.651	-0.880512
2.662	-0.885808
2.673	-0.890997
2.684	-0.896076
2.695	-0.901045
2.706	-0.905901
2.717	-0.910642
2.728	-0.915266
2.739	-0.919772
2.75	-0.924156
2.761	-0.928418
2.772	-0.932556
2.783	-0.936567
2.794	-0.940449
2.805	-0.944201
2.816	-0.94782
2.827	-0.951305
2.838	-0.954654
2.849	-0.957864
2.86	-0.960934
2.871	-0.963862
2.882	-0.966645
2.893	-0.969283
2.904	-0.971783
2.915	-0.974167
2.926	-0.976433
2.937	-0.978584
2.948	-0.980618
2.959	-0.982536
2.97	-0.984337
2.981	-0.986023
2.992	-0.987594
3.003	-0.989049
3.014	-0.990388
3.025	-0.991612
3.036	-0.992721
3.047	-0.993716
3.058	-0.994596
3.069	-0.995361
3.08	-0.996012
3.091	-0.996548
3.102	-0.996971
3.113	-0.997279
3.124	-0.997474
3.135	-0.997556
3.146	-0.997524
3.157	-0.997378
3.168	-0.99712
3.179	-0.996749
3.19	-0.996265
3.201	-0.995669
3.212	-0.99496
3.223	-0.994138
3.234	-0.993205
3.245	-0.99216
3.256	-0.991003
3.267	-0.989735
3.278	-0.988355
3.289	-0.986863
3.3	-0.985261
3.311	-0.983548
3.322	-0.981724
3.333	-0.979789
3.344	-0.977744
3.355	-0.975589
3.366	-0.973323
3.377	-0.970948
3.388	-0.968462
3.399	-0.965867
3.41	-0.963163
3.421	-0.960349
3.432	-0.957426
3.443	-0.954394
3.454	-0.951254
3.465	-0.948004
3.476	-0.944646
3.487	-0.94115
3.498	-0.937507
3.509	-0.933719
3.52	-0.929787
3.531	-0.925715
3.542	-0.921503
3.553	-0.917155
3.564	-0.912673
3.575	-0.908059
3.586	-0.903315
3.597	-0.898444
3.608	-0.893447
3.619	-0.888327
3.63	-0.883086
3.641	-0.877727
3.652	-0.872251
3.663	-0.86666
3.674	-0.860958
3.685	-0.855146
3.696	-0.849227
3.707	-0.843202
3.718	-0.837075
3.729	-0.830846
3.74	-0.824519
3.751	-0.818095
3.762	-0.811578
3.773	-0.804968
3.784	-0.798269
3.795	-0.791482
3.806	-0.78461
3.817	-0.777656
3.828	-0.77062
3.839	-0.763506
3.85	-0.756315
3.861	-0.749051
3.872	-0.741714
3.883	-0.734308
3.894	-0.726835
3.905	-0.719296
3.916	-0.711695
3.927	-0.704033
3.938	-0.696312
3.949	-0.688535
3.96	-0.680704
3.971	-0.672822
3.982	-0.66489
3.993	-0.65691
4.004	-0.648885
4.015	-0.640818
4.026	-0.63271
4.037	-0.624563
4.048	-0.616381
4.059	-0.608147
4.07	-0.59979
4.081	-0.591304
4.092	-0.582692
4.103	-0.573958
4.114	-0.565106
4.125	-0.556139
4.136	-0.54706
4.147	-0.537875
4.158	-0.528584
4.169	-0.519194
4.18	-0.509706
4.191	-0.500125
4.202	-0.490454
4.213	-0.480697
4.224	-0.470858
4.235	-0.460939
4.246	-0.450944
4.257	-0.440878
4.268	-0.430743
4.279	-0.420543
4.29	-0.410282
4.301	-0.399963
4.312	-0.38959
4.323	-0.379167
4.334	-0.368696
4.345	-0.358182
4.356	-0.347629
4.367	-0.337039
4.378	-0.326416
4.389	-0.315764
4.4	-0.305086
4.411	-0.294387
4.422	-0.283669
4.433	-0.272936
4.444	-0.262192
4.455	-0.25144
4.466	-0.240684
4.477	-0.229927
4.488	-0.219173
4.499	-0.208426
4.51	-0.197689
4.521	-0.186965
4.532	-0.176259
4.543	-0.165573
4.554	-0.154912
4.565	-0.144279
4.576	-0.133678
4.587	-0.123111
4.598	-0.112583
4.609	-0.102098
4.62	-0.091658
4.631	-0.0812675
4.642	-0.0708725
4.653	-0.0604059
4.664	-0.0498714
4.675	-0.0392727
4.686	-0.0286136
4.697	-0.0178979
4.708	-0.00712918
4.719	0.00368871
4.73	0.014552
4.741	0.0254571
4.752	0.0364001
4.763	0.0473772
4.774	0.0583849
4.785	0.0694192
4.796	0.0804766
4.807	0.0915531
4.818	0.102645
4.829	0.113749
4.84	0.124861
4.851	0.135977
4.862	0.147093
4.873	0.158206
4.884	0.169313
4.895	0.180408
4.906	0.191489
4.917	0.202552
4.928	0.213593
4.939	0.224608
4.95	0.235593
4.961	0.246546
4.972	0.257461
4.983	0.268336
4.994	0.279166
5.005	0.289948
5.016	0.300678
5.027	0.311353
5.038	0.321968
5.049	0.33252
5.06	0.343004
5.071	0.353419
5.082	0.363758
5.093	0.37402
5.104	0.3842
5.115	0.394294
5.126	0.404298
5.137	0.41421
5.148	0.424025
5.159	0.433739
5.17	0.443348
5.181	0.45285
5.192	0.462239
5.203	0.471513
5.214	0.480674
5.225	0.489798
5.236	0.498909
5.247	0.508006
5.258	0.517085
5.269	0.526144
5.28	0.535179
5.291	0.544188
5.302	0.553169
5.313	0.562118
5.324	0.571034
5.335	0.579913
5.346	0.588752
5.357	0.597549
5.368	0.606302
5.379	0.615007
5.39	0.623662
5.401	0.632264
5.412	0.64081
5.423	0.649298
5.434	0.657725
5.445	0.666089
5.456	0.674386
5.467	0.682613
5.478	0.690769
5.489	0.698851
5.5	0.706855
5.511	0.71478
5.522	0.722621
5.533	0.730378
5.544	0.738046
5.555	0.745624
5.566	0.753108
5.577	0.760496
5.588	0.767786
5.599	0.774974
5.61	0.782057
5.621	0.789034
5.632	0.795901
5.643	0.802656
5.654	0.809296
5.665	0.815818
5.676	0.822219
5.687	0.828498
5.698	0.83465
5.709	0.840674
5.72	0.846567
5.731	0.852326
5.742	0.857948
5.753	0.863431
5.764	0.868772
5.775	0.873968
5.786	0.879017
5.797	0.88393
5.808	0.888749
5.819	0.893477
5.83	0.898113
5.841	0.902656
5.852	0.907106
5.863	0.911461
5.874	0.915721
5.885	0.919885
5.896	0.923952
5.907	0.927922
5.918	0.931794
5.929	0.935566
5.94	0.939239
5.951	0.942811
5.962	0.946281
5.973	0.94965
5.984	0.952915
5.995	0.956077
6.006	0.959134
6.017	0.962086
6.028	0.964932
6.039	0.967672
6.05	0.970303
6.061	0.972826
6.072	0.97524
6.083	0.977545
6.094	0.979738
6.105	0.98182
6.116	0.98379
6.127	0.985646
6.138	0.987389
6.149	0.989017
6.16	0.99053
6.171	0.991927
6.182	0.993207
6.193	0.994369
6.204	0.995413
6.215	0.996337
6.226	0.997141
6.237	0.997825
6.248	0.998387
6.259	0.998827
6.27	0.999143
6.281	0.999336
6.292	0.999404
6.303	0.999346
6.314	0.999162
6.325	0.998852
6.336	0.998413
6.347	0.997846
6.358	0.997149
6.369	0.996323
6.38	0.99536
6.391	0.994256
6.402	0.993014
6.413	0.991634
6.424	0.990118
6.435	0.988467
6.446	0.986683
6.457	0.984767
6.468	0.98272
6.479	0.980545
6.49	0.978241
6.501	0.975811
6.512	0.973257
6.523	0.970578
6.534	0.967778
6.545	0.964857
6.556	0.961817
6.567	0.958658
6.578	0.955383
6.589	0.951993
6.6	0.94849
6.611	0.944874
6.622	0.941147
6.633	0.937311
6.644	0.933366
6.655	0.929315
6.666	0.925158
6.677	0.920898
6.688	0.916535
6.699	0.912071
6.71	0.907507
6.721	0.902845
6.732	0.898086
6.743	0.893232
6.754	0.888283
6.765	0.883242
6.776	0.878109
6.787	0.872887
6.798	0.867576
6.809	0.862178
6.82	0.856694
6.831	0.851126
6.842	0.845476
6.853	0.839743
6.864	0.833931
6.875	0.82804
6.886	0.822071
6.897	0.816027
6.908	0.809908
6.919	0.803716
6.93	0.797453
6.941	0.791119
6.952	0.784709
6.963	0.778167
6.974	0.771482
6.985	0.764656
6.996	0.757694
7.007	0.750599
7.018	0.743373
7.029	0.736019
7.04	0.728541
7.051	0.720942
7.062	0.713225
7.073	0.705394
7.084	0.69745
7.095	0.689398
7.106	0.68124
7.117	0.67298
7.128	0.664621
7.139	0.656165
7.15	0.647616
7.161	0.638978
7.172	0.630253
7.183	0.621444
7.194	0.612554
7.205	0.603587
7.216	0.594546
7.227	0.585434
7.238	0.576253
7.249	0.567008
7.26	0.557701
7.271	0.548335
7.282	0.538914
7.293	0.52944
7.304	0.519917
7.315	0.510347
7.326	0.500735
7.337	0.491083
7.348	0.481394
7.359	0.471671
7.37	0.461917
7.381	0.452136
7.392	0.442331
7.403	0.432505
7.414	0.42266
7.425	0.412801
7.436	0.402929
7.447	0.393049
7.458	0.383163
7.469	0.373275
7.48	0.363388
7.491	0.353504
7.502	0.343627
7.513	0.33376
7.524	0.323906
7.535	0.314031
7.546	0.304056
7.557	0.293984
7.568	0.283816
7.579	0.273559
7.59	0.263215
7.601	0.252787
7.612	0.242281
7.623	0.2317
7.634	0.221047
7.645	0.210327
7.656	0.199543
7.667	0.188699
7.678	0.1778
7.689	0.166847
7.7	0.155847
7.711	0.144802
7.722	0.133716
7.733	0.122593
7.744	0.111438
7.755	0.100252
7.766	0.0890419
7.777	0.0778097
7.788	0.0665597
7.799	0.0552957
7.81	0.0440216
7.821	0.0327412
7.832	0.0214583
7.843	0.0101767
7.854	-0.00109971
7.865	-0.0123672
7.876	-0.0236218
7.887	-0.0348598
7.898	-0.0460773
7.909	-0.0572706
7.92	-0.0684357
7.931	-0.0795689
7.942	-0.0906663
7.953	-0.101724
7.964	-0.112739
7.975	-0.123706
7.986	-0.134622
7.997	-0.145483
8.008	-0.156285
8.019	-0.167025
8.03	-0.177699
8.041	-0.188302
8.052	-0.198832
8.063	-0.209283
8.074	-0.219653
8.085	-0.229937
8.096	-0.240132
8.107	-0.250236
8.118	-0.260323
8.129	-0.270434
8.14	-0.280567
8.151	-0.290718
8.162	-0.300883
8.173	-0.31106
8.184	-0.321245
8.195	-0.331435
8.206	-0.341626
8.217	-0.351816
8.228	-0.362001
8.239	-0.372177
8.25	-0.382342
8.261	-0.392492
8.272	-0.402623
8.283	-0.412734
8.294	-0.422819
8.305	-0.432877
8.316	-0.442903
8.327	-0.452895
8.338	-0.462849
8.349	-0.472762
8.36	-0.48263
8.371	-0.492451
8.382	-0.502221
8.393	-0.511937
8.404	-0.521595
8.415	-0.531192
8.426	-0.540725
8.437	-0.550191
8.448	-0.559586
8.459	-0.568907
8.47	-0.578151
8.481	-0.587314
8.492	-0.596394
8.503	-0.605387
8.514	-0.614289
8.525	-0.623097
8.536	-0.631809
8.547	-0.64042
8.558	-0.648928
8.569	-0.65733
8.58	-0.665621
8.591	-0.673799
8.602	-0.68186
8.613	-0.689801
8.624	-0.697619
8.635	-0.705311
8.646	-0.712873
8.657	-0.720302
8.668	-0.727594
8.679	-0.734747
8.69	-0.741769
8.701	-0.748723
8.712	-0.755617
8.723	-0.76245
8.734	-0.769218
8.745	-0.775922
8.756	-0.782559
8.767	-0.789127
8.778	-0.795625
8.789	-0.802052
8.8	-0.808405
8.811	-0.814683
8.822	-0.820884
8.833	-0.827006
8.844	-0.833049
8.855	-0.839009
8.866	-0.844887
8.877	-0.850679
8.888	-0.856384
8.899	-0.862001
8.91	-0.867527
8.921	-0.872962
8.932	-0.878303
8.943	-0.883549
8.954	-0.888699
8.965	-0.89375
8.976	-0.8987
8.987	-0.903549
8.998	-0.908294
9.009	-0.912934
9.02	-0.917468
9.031	-0.921893
9.042	-0.926207
9.053	-0.93041
9.064	-0.934499
9.075	-0.938473
9.086	-0.94233
9.097	-0.946069
9.108	-0.949688
9.119	-0.953184
9.13	-0.956557
9.141	-0.959805
9.152	-0.962926
9.163	-0.965919
9.174	-0.968781
9.185	-0.971511
9.196	-0.974108
9.207	-0.97657
9.218	-0.978894
9.229	-0.981081
9.24	-0.983126
9.251	-0.98503
9.262	-0.986791
9.273	-0.988415
9.284	-0.989914
9.295	-0.99129
9.306	-0.992542
9.317	-0.993672
9.328	-0.994679
9.339	-0.995565
9.35	-0.996329
9.361	-0.996972
9.372	-0.997495
9.383	-0.997898
9.394	-0.998182
9.405	-0.998347
9.416	-0.998394
9.427	-0.998322
9.438	-0.998133
9.449	-0.997828
9.46	-0.997405
9.471	-0.996867
9.482	-0.996214
9.493	-0.995445
9.504	-0.994562
9.515	-0.993565
9.526	-0.992454
9.537	-0.991231
9.548	-0.989894
9.559	-0.988446
9.57	-0.986886
9.581	-0.985216
9.592	-0.983434
9.603	-0.981543
9.614	-0.979541
9.625	-0.977431
9.636	-0.975212
9.647	-0.972885
9.658	-0.970451
9.669	-0.967909
9.68	-0.96526
9.691	-0.962506
9.702	-0.959645
9.713	-0.95668
9.724	-0.953609
9.735	-0.950435
9.746	-0.947156
9.757	-0.943775
9.768	-0.94029
9.779	-0.936704
9.79	-0.933015
9.801	-0.929226
9.812	-0.925335
9.823	-0.921344
9.834	-0.917253
9.845	-0.913061
9.856	-0.908733
9.867	-0.904257
9.878	-0.899635
9.889	-0.894871
9.9	-0.889965
9.911	-0.884922
9.922	-0.879743
9.933	-0.874431
9.944	-0.868988
9.955	-0.863417
9.966	-0.85772
9.977	-0.8519
9.988	-0.84596
9.999	-0.839901
10.01	-0.833727
10.021	-0.827439
10.032	-0.821041
10.043	-0.814534
10.054	-0.807922
10.065	-0.801206
10.076	-0.794389
10.087	-0.787474
10.098	-0.780464
10.109	-0.77336
10.12	-0.766165
10.131	-0.758882
10.142	-0.751513
10.153	-0.74406
10.164	-0.736527
10.175	-0.728915
10.186	-0.721227
10.197	-0.713466
10.208	-0.705634
10.219	-0.697733
10.23	-0.689767
10.241	-0.681737
10.252	-0.673645
10.263	-0.665496
10.274	-0.65729
10.285	-0.649031
10.296	-0.64072
10.307	-0.632361
10.318	-0.623956
10.329	-0.615508
10.34	-0.607018
10.351	-0.59849
10.362	-0.589925
10.373	-0.581327
10.384	-0.572697
10.395	-0.564039
10.406	-0.555355
10.417	-0.546647
10.428	-0.537909
10.439	-0.52911
10.45	-0.520247
10.461	-0.51132
10.472	-0.502329
10.483	-0.493274
10.494	-0.484155
10.505	-0.474973
10.516	-0.465726
10.527	-0.456416
10.538	-0.447041
10.549	-0.437603
10.56	-0.4281
10.571	-0.418534
10.582	-0.408904
10.593	-0.399209
10.604	-0.389451
10.615	-0.379629
10.626	-0.369743
10.637	-0.359793
10.648	-0.349779
10.659	-0.339701
10.67	-0.32956
10.681	-0.319354
10.692	-0.309084
10.703	-0.298751
10.714	-0.288353
10.725	-0.277892
10.736	-0.267366
10.747	-0.256777
10.758	-0.246124
10.769	-0.235406
10.78	-0.224625
10.791	-0.21378
10.802	-0.202871
10.813	-0.191898
10.824	-0.180861
10.835	-0.16976
10.846	-0.158595
10.857	-0.147367
10.868	-0.136074
10.879	-0.124717
10.89	-0.113297
10.901	-0.101812
10.912	-0.0902637
10.923	-0.0786513
10.934	-0.066975
10.945	-0.0552347
10.956	-0.0434305
10.967	-0.0315624
10.978	-0.0196303
10.989	-0.00763426
11	0.0044257
