  0.00000000   1.00000000
  0.57894737   0.83703905
  1.15789474   0.40126875
  1.73684211  -0.16528382
  2.31578947  -0.67796677
  2.89473684  -0.96968552
  3.47368421  -0.94536252
  4.05263158  -0.61292518
  4.63157895  -0.08072211
  5.21052632   0.47779007
  5.78947368   0.88058000
  6.36842105   0.99636963
  6.94736842   0.78742059
  7.52631579   0.32183394
  8.10526316  -0.24864544
  8.68421053  -0.73808583
  9.26315789  -0.98696788
  9.84210526  -0.91417550
 10.42105263  -0.54343331
 11.00000000   0.00442570