0 0 0 0 0 0 0
0.047619 0.147185 0.291083 -0.428478 0.149042 0.294755 -0.433884
0.0952381 0.291083 0.556302 -0.772091 0.294755 0.56332 -0.781831
0.142857 0.428478 0.772091 -0.962782 0.433884 0.781831 -0.974928
0.190476 0.556302 0.919276 -0.962782 0.56332 0.930874 -0.974928
0.238095 0.671699 0.98478 -0.772091 0.680173 0.997204 -0.781831
0.285714 0.772091 0.962782 -0.428478 0.781831 0.974928 -0.433884
0.333333 0.855236 0.855236 6.12525e-10 0.866025 0.866025 -1.22465e-16
0.380952 0.919276 0.671699 0.428478 0.930874 0.680173 0.433884
0.428571 0.962782 0.428478 0.772091 0.974928 0.433884 0.781831
0.47619 0.98478 0.147185 0.962782 0.997204 0.149042 0.974928
0.52381 0.98478 -0.147185 0.962782 0.997204 -0.149042 0.974928
0.571429 0.962782 -0.428478 0.772091 0.974928 -0.433884 0.781831
0.619048 0.919276 -0.671699 0.428478 0.930874 -0.680173 0.433884
0.666667 0.855236 -0.855236 -2.93719e-09 0.866025 -0.866025 2.44929e-16
0.714286 0.772091 -0.962782 -0.428478 0.781831 -0.974928 -0.433884
0.761905 0.671699 -0.98478 -0.772091 0.680173 -0.997204 -0.781831
0.809524 0.556302 -0.919276 -0.962782 0.56332 -0.930874 -0.974928
0.857143 0.428478 -0.772091 -0.962782 0.433884 -0.781831 -0.974928
0.904762 0.291083 -0.556302 -0.772091 0.294755 -0.56332 -0.781831
0.952381 0.147185 -0.291083 -0.428478 0.149042 -0.294755 -0.433884
1 0 0 0 0 0 0
