         0   0.991648          1  0.0430732         -0          0          0
     0.125   0.988864   0.992198 -0.0874728  -0.124675   0.123952   0.124675
      0.25   0.969861   0.968912  -0.216082  -0.247404    0.24654   0.247404
     0.375   0.935007   0.930508  -0.340755  -0.366273   0.365756   0.366273
       0.5   0.884917   0.877583  -0.459559  -0.479426   0.479656   0.479426
     0.625   0.820439   0.810963  -0.570653  -0.585097   0.586386   0.585097
      0.75   0.742646   0.731689  -0.672321  -0.681639   0.684211   0.681639
     0.875   0.652817   0.640997  -0.762999  -0.767544   0.771546   0.767544
         1   0.552413   0.540302  -0.841295  -0.841471   0.846974   0.841471
     1.125   0.443059   0.431177  -0.906014  -0.902268   0.909276   0.902268
      1.25   0.326516   0.315322  -0.956175  -0.948985    0.95744   0.948985
     1.375   0.204653   0.194548  -0.991027  -0.980893   0.990683   0.980893
       1.5  0.0794189  0.0707372   -1.01006  -0.997495    1.00846   0.997495
     1.625 -0.0471908 -0.0541771   -1.01301  -0.998531    1.01048   0.998531
      1.75  -0.173162  -0.178246  -0.999862  -0.983986   0.996691   0.983986
     1.875  -0.296495  -0.299534  -0.970865  -0.954086     0.9673   0.954086
         2  -0.415238  -0.416147  -0.926504  -0.909297   0.922759   0.909297
     2.125  -0.527511  -0.526266  -0.867508   -0.85032    0.86376    0.85032
      2.25  -0.631545  -0.628174  -0.794834  -0.778073   0.791225   0.778073
     2.375  -0.725698  -0.720278  -0.709651  -0.693685   0.706286   0.693685
       2.5  -0.808493  -0.801144  -0.613321  -0.598472   0.610273   0.598472
     2.625  -0.878628  -0.869507  -0.507379   -0.49392    0.50469    0.49392
      2.75  -0.935007  -0.924302   -0.39351  -0.381661    0.39119   0.381661
     2.875   -0.97675  -0.964674  -0.273516  -0.263446   0.271549   0.263446
         3   -1.00321  -0.989992  -0.149297   -0.14112    0.14764    0.14112
     3.125   -1.01398  -0.999862 -0.0228135 -0.0165919  0.0214005  0.0165919
      3.25    -1.0089   -0.99413   0.103942   0.108195  -0.105195  -0.108195
     3.375  -0.988066  -0.972884   0.228974   0.231294  -0.230168  -0.231294
       3.5  -0.951812  -0.936457   0.350318   0.350783  -0.351569  -0.350783
     3.625   -0.90072  -0.885416   0.466071   0.464799  -0.467503  -0.464799
      3.75  -0.835603  -0.820559   0.574419   0.571561  -0.576164  -0.571561
     3.875  -0.757495  -0.742898   0.673668   0.669405  -0.675862  -0.669405
         4   -0.66763  -0.653644   0.762267   0.756802  -0.765047  -0.756802
     4.125  -0.567429   -0.55419   0.838838   0.832391  -0.842338  -0.832391
      4.25  -0.458472  -0.446087    0.90219   0.894989   -0.90654  -0.894989
     4.375  -0.342474  -0.331024   0.951342   0.943622  -0.956663  -0.943622
       4.5   -0.22126  -0.210796   0.985537    0.97753  -0.991941   -0.97753
     4.625 -0.0967349 -0.0872778    1.00425   0.996184   -1.01184  -0.996184
      4.75  0.0291465  0.0376022    1.00721   0.999293   -1.01607  -0.999293
     4.875    0.15441   0.161895   0.994385   0.986808   -1.00458  -0.986808
         5   0.277094   0.283662   0.965986   0.958924  -0.977573  -0.958924
     5.125   0.395277   0.401003   0.922477   0.916077  -0.935493  -0.916077
      5.25   0.507112   0.512085   0.864553   0.858934  -0.879018  -0.858934
     5.375   0.610853   0.615177   0.793138   0.788389  -0.809053  -0.788389
       5.5   0.704881    0.70867   0.709362    0.70554   -0.72671   -0.70554
     5.625   0.787733   0.791104   0.614551   0.611682  -0.633298  -0.611682
      5.75   0.858121   0.861192   0.510199   0.508279  -0.530296  -0.508279
     5.875   0.914954   0.917843    0.39795   0.396944  -0.419333  -0.396944
         6   0.957353    0.96017    0.27957   0.279415   -0.30216  -0.279415
     6.125   0.984668   0.987515   0.156917   0.157526  -0.180624  -0.157526
      6.25   0.996484   0.999449  0.0319155  0.0331792  -0.056639 -0.0331792
     6.375    0.99263   0.995788 -0.0934756 -0.0916857   0.067844  0.0916857
       6.5   0.973181   0.976588  -0.217294   -0.21512   0.190868    0.21512
     6.625   0.938453   0.942148  -0.337603  -0.335197   0.310502   0.335197
      6.75   0.889005   0.893006  -0.452525  -0.450044   0.424868   0.450044
     6.875   0.825622    0.82993  -0.560266  -0.557868   0.532173   0.557868
         7   0.749308   0.753902  -0.659148  -0.656987   0.630734   0.656987
     7.125   0.661268    0.66611  -0.747633  -0.745853   0.719011   0.745853
      7.25    0.56289   0.567924  -0.824346  -0.823081    0.79562   0.823081
     7.375   0.455722   0.460876    -0.8881  -0.887465   0.859367   0.887465
       7.5   0.341446   0.346635   -0.93791     -0.938   0.909255      0.938
     7.625   0.221858   0.226986  -0.973009  -0.973898   0.944507   0.973898
      7.75  0.0988298   0.103794  -0.992862  -0.994599   0.964576   0.994599
     7.875   -0.02571 -0.0210168  -0.997172  -0.999779   0.969151   0.999779
         8  -0.149813    -0.1455  -0.985886  -0.989358   0.958166   0.989358
     8.125  -0.271539  -0.267713  -0.959193  -0.963499   0.931797   0.963499
      8.25  -0.388987  -0.385748  -0.917522  -0.922604    0.89046   0.922604
     8.375  -0.500323  -0.497764  -0.861537  -0.867313   0.834805   0.867313
       8.5  -0.603811  -0.602012  -0.792124  -0.798487   0.765706   0.798487
     8.625   -0.69784  -0.696866  -0.710374  -0.717201   0.684247   0.717201
      8.75  -0.780944  -0.780846  -0.617574  -0.624724   0.591702   0.624724
     8.875  -0.851833  -0.852641  -0.515178  -0.522498    0.48952   0.522498
         9  -0.909406   -0.91113  -0.404788  -0.412118   0.379299   0.412118
     9.125  -0.952769  -0.955402  -0.288131  -0.295308   0.262761   0.295308
      9.25  -0.981253  -0.984765  -0.167025  -0.173889   0.141727   0.173889
     9.375  -0.994419  -0.998761 -0.0433587 -0.0497574  0.0180862  0.0497574
       9.5  -0.992066  -0.997172  0.0809449  0.0751511  -0.106231 -0.0751511
     9.625  -0.974236  -0.980022   0.203955   0.198887  -0.229285  -0.198887
      9.75  -0.941211   -0.94758   0.323762   0.319519  -0.349157  -0.319519
     9.875  -0.893506  -0.900351   0.438514   0.435165  -0.463976  -0.435165
        10  -0.831867  -0.839072   0.546436   0.544021  -0.571952  -0.544021
    10.125  -0.757252  -0.764699   0.645864   0.644387  -0.671402  -0.644387
     10.25  -0.670819  -0.678394   0.735272   0.734698  -0.760773  -0.734698
    10.375  -0.573909  -0.581502   0.813289   0.813545   -0.83867  -0.813545
      10.5  -0.468021  -0.475537   0.878725   0.879696  -0.903875  -0.879696
    10.625  -0.354793  -0.362151   0.930591    0.93212  -0.955369   -0.93212
     10.75  -0.235972  -0.243113   0.968108   0.969998  -0.992341  -0.969998
    10.875  -0.113387  -0.120282   0.990724    0.99274    -1.0142   -0.99274
        11   0.011075  0.0044257   0.998121    0.99999   -1.02061   -0.99999
