0.0625 1.06449 1.06449 
0.125 1.13315 1.13315 
0.1875 1.20623 1.20623 
0.25 1.28403 1.28403 
0.3125 1.36684 1.36684 
0.375 1.45499 1.45499 
0.4375 1.54883 1.54883 
0.5 1.64872 1.64872 
0.5625 1.75505 1.75505 
0.625 1.86825 1.86825 
0.6875 1.98874 1.98874 
0.75 2.117 2.117 
0.8125 2.25353 2.25353 
0.875 2.39888 2.39888 
0.9375 2.55359 2.55359 
1 2.71828 2.71828 
1.0625 2.8936 2.8936 
1.125 3.08022 3.08022 
1.1875 3.27887 3.27887 
1.25 3.49034 3.49034 
1.3125 3.71545 3.71545 
1.375 3.95508 3.95508 
1.4375 4.21016 4.21016 
1.5 4.48169 4.48169 
1.5625 4.77073 4.77073 
1.625 5.07842 5.07842 
1.6875 5.40595 5.40595 
1.75 5.7546 5.7546 
1.8125 6.12574 6.12574 
1.875 6.52082 6.52082 
1.9375 6.94138 6.94138 
2 7.38906 7.38906 
2.0625 7.86561 7.86561 
2.125 8.3729 8.3729 
2.1875 8.9129 8.9129 
2.25 9.48774 9.48774 
2.3125 10.0996 10.0996 
2.375 10.751 10.751 
2.4375 11.4444 11.4444 
2.5 12.1825 12.1825 
2.5625 12.9682 12.9682 
2.625 13.8046 13.8046 
2.6875 14.6949 14.6949 
2.75 15.6426 15.6426 
2.8125 16.6515 16.6515 
2.875 17.7254 17.7254 
2.9375 18.8686 18.8686 
3 20.0855 20.0855 
3.0625 21.3809 21.3809 
3.125 22.7599 22.7599 
3.1875 24.2278 24.2278 
3.25 25.7903 25.7903 
3.3125 27.4537 27.4537 
3.375 29.2243 29.2243 
3.4375 31.1091 31.1091 
3.5 33.1155 33.1155 
3.5625 35.2512 35.2512 
3.625 37.5247 37.5247 
3.6875 39.9449 39.9449 
3.75 42.5211 42.5211 
3.8125 45.2635 45.2635 
3.875 48.1827 48.1827 
3.9375 51.2902 51.2902 
4 54.5982 54.5982 
4.0625 58.1194 58.1194 
4.125 61.8678 61.8678 
4.1875 65.8579 65.8579 
4.25 70.1054 70.1054 
4.3125 74.6268 74.6268 
4.375 79.4398 79.4398 
4.4375 84.5633 84.5633 
4.5 90.0171 90.0171 
4.5625 95.8227 95.8227 
4.625 102.003 102.003 
4.6875 108.581 108.581 
4.75 115.584 115.584 
4.8125 123.039 123.039 
4.875 130.974 130.974 
4.9375 139.421 139.421 
5 148.413 148.413 
5.0625 157.985 157.985 
5.125 168.174 168.174 
5.1875 179.02 179.02 
5.25 190.566 190.566 
5.3125 202.857 202.857 
5.375 215.94 215.94 
5.4375 229.867 229.867 
5.5 244.692 244.692 
5.5625 260.473 260.473 
5.625 277.272 277.272 
5.6875 295.155 295.155 
5.75 314.191 314.191 
5.8125 334.454 334.454 
5.875 356.025 356.025 
5.9375 378.986 378.986 
6 403.429 403.429 
