0 4.95867 5.55542 4.36192 
0.075 4.94582 5.54787 4.34376 
0.15 4.93296 5.54032 4.3256 
0.225 4.92011 5.53277 4.30745 
0.3 4.90725 5.52522 4.28929 
0.375 4.8944 5.51767 4.27113 
0.45 4.88155 5.51012 4.25298 
0.525 4.86869 5.50257 4.23482 
0.6 4.85584 5.49502 4.21666 
0.675 4.84299 5.48747 4.19851 
0.75 4.83013 5.47992 4.18035 
0.825 4.81728 5.47237 4.16219 
0.9 4.80443 5.46482 4.14404 
0.975 4.79157 5.45727 4.12588 
1.05 4.77872 5.44972 4.10772 
1.125 4.76587 5.44217 4.08957 
1.2 4.75301 5.43462 4.07141 
1.275 4.74016 5.42707 4.05325 
1.35 4.72731 5.41952 4.0351 
1.425 4.71445 5.41197 4.01694 
1.5 4.7016 5.40442 3.99878 
1.575 4.68875 5.39687 3.98063 
1.65 4.67589 5.38932 3.96247 
1.725 4.66304 5.38177 3.94431 
1.8 4.65019 5.37422 3.92616 
1.875 4.63733 5.36667 3.908 
1.95 4.62448 5.35912 3.88984 
2.025 4.61163 5.35156 3.87169 
2.1 4.59877 5.34401 3.85353 
2.175 4.58592 5.33646 3.83537 
2.25 4.57306 5.32891 3.81722 
2.325 4.56021 5.32136 3.79906 
2.4 4.54736 5.31381 3.7809 
2.475 4.5345 5.30626 3.76275 
2.55 4.52165 5.29871 3.74459 
2.625 4.5088 5.29116 3.72643 
2.7 4.49594 5.28361 3.70827 
2.775 4.48309 5.27606 3.69012 
2.85 4.47024 5.26851 3.67196 
2.925 4.45738 5.26096 3.6538 
3 4.44453 5.25341 3.63565 
3.075 4.43168 5.24586 3.61749 
3.15 4.41882 5.23831 3.59933 
3.225 4.40597 5.23076 3.58118 
3.3 4.39312 5.22321 3.56302 
3.375 4.38026 5.21566 3.54486 
3.45 4.36741 5.20811 3.52671 
3.525 4.35456 5.20056 3.50855 
3.6 4.3417 5.19301 3.49039 
3.675 4.32885 5.18546 3.47224 
3.75 4.316 5.17791 3.45408 
3.825 4.30314 5.17036 3.43592 
3.9 4.29029 5.16281 3.41777 
3.975 4.27744 5.15526 3.39961 
4.05 4.26458 5.14771 3.38145 
4.125 4.25173 5.14016 3.3633 
4.2 4.23888 5.13261 3.34514 
4.275 4.22602 5.12506 3.32698 
4.35 4.21317 5.11751 3.30883 
4.425 4.20031 5.10996 3.29067 
4.5 4.18746 5.10241 3.27251 
4.575 4.17461 5.09486 3.25436 
4.65 4.16175 5.08731 3.2362 
4.725 4.1489 5.07976 3.21804 
4.8 4.13605 5.07221 3.19989 
4.875 4.12319 5.06466 3.18173 
4.95 4.11034 5.05711 3.16357 
5.025 4.09749 5.04956 3.14542 
5.1 4.08463 5.04201 3.12726 
5.175 4.07178 5.03446 3.1091 
5.25 4.05893 5.02691 3.09095 
5.325 4.04607 5.01936 3.07279 
5.4 4.03322 5.01181 3.05463 
5.475 4.02037 5.00426 3.03647 
5.55 4.00751 4.99671 3.01832 
5.625 3.99466 4.98916 3.00016 
5.7 3.98181 4.98161 2.982 
5.775 3.96895 4.97406 2.96385 
5.85 3.9561 4.96651 2.94569 
5.925 3.94325 4.95896 2.92753 
6 3.93039 4.95141 2.90938 
6.075 3.91754 4.94386 2.89122 
6.15 3.90469 4.93631 2.87306 
6.225 3.89183 4.92876 2.85491 
6.3 3.87898 4.92121 2.83675 
6.375 3.86612 4.91366 2.81859 
6.45 3.85327 4.90611 2.80044 
6.525 3.84042 4.89856 2.78228 
6.6 3.82756 4.89101 2.76412 
6.675 3.81471 4.88346 2.74597 
6.75 3.80186 4.87591 2.72781 
6.825 3.789 4.86835 2.70965 
6.9 3.77615 4.8608 2.6915 
6.975 3.7633 4.85325 2.67334 
7.05 3.75044 4.8457 2.65518 
7.125 3.73759 4.83815 2.63703 
7.2 3.72474 4.8306 2.61887 
7.275 3.71188 4.82305 2.60071 
7.35 3.69903 4.8155 2.58256 
7.425 3.68618 4.80795 2.5644 
7.5 3.67332 4.8004 2.54624 
7.575 3.66047 4.79285 2.52809 
7.65 3.64762 4.7853 2.50993 
7.725 3.63476 4.77775 2.49177 
7.8 3.62191 4.7702 2.47362 
7.875 3.60906 4.76265 2.45546 
7.95 3.5962 4.7551 2.4373 
8.025 3.58335 4.74755 2.41915 
8.1 3.5705 4.74 2.40099 
8.175 3.55764 4.73245 2.38283 
8.25 3.54479 4.7249 2.36467 
8.325 3.53193 4.71735 2.34652 
8.4 3.51908 4.7098 2.32836 
8.475 3.50623 4.70225 2.3102 
8.55 3.49337 4.6947 2.29205 
8.625 3.48052 4.68715 2.27389 
8.7 3.46767 4.6796 2.25573 
8.775 3.45481 4.67205 2.23758 
8.85 3.44196 4.6645 2.21942 
8.925 3.42911 4.65695 2.20126 
9 3.41625 4.6494 2.18311 
9.075 3.4034 4.64185 2.16495 
9.15 3.39055 4.6343 2.14679 
9.225 3.37769 4.62675 2.12864 
9.3 3.36484 4.6192 2.11048 
9.375 3.35199 4.61165 2.09232 
9.45 3.33913 4.6041 2.07417 
9.525 3.32628 4.59655 2.05601 
9.6 3.31343 4.589 2.03785 
9.675 3.30057 4.58145 2.0197 
9.75 3.28772 4.5739 2.00154 
9.825 3.27487 4.56635 1.98338 
9.9 3.26201 4.5588 1.96523 
9.975 3.24916 4.55125 1.94707 
10.05 3.23631 4.5437 1.92891 
10.125 3.22345 4.53615 1.91076 
10.2 3.2106 4.5286 1.8926 
10.275 3.19775 4.52105 1.87444 
10.35 3.18489 4.5135 1.85629 
10.425 3.17204 4.50595 1.83813 
10.5 3.15918 4.4984 1.81997 
10.575 3.14633 4.49085 1.80182 
10.65 3.13348 4.4833 1.78366 
10.725 3.12062 4.47575 1.7655 
10.8 3.10777 4.4682 1.74735 
10.875 3.09492 4.46065 1.72919 
10.95 3.08206 4.4531 1.71103 
11.025 3.06921 4.44555 1.69287 
11.1 3.05636 4.438 1.67472 
11.175 3.0435 4.43045 1.65656 
11.25 3.03065 4.4229 1.6384 
11.325 3.0178 4.41535 1.62025 
11.4 3.00494 4.4078 1.60209 
11.475 2.99209 4.40025 1.58393 
11.55 2.97924 4.3927 1.56578 
11.625 2.96638 4.38514 1.54762 
11.7 2.95353 4.37759 1.52946 
11.775 2.94068 4.37004 1.51131 
11.85 2.92782 4.36249 1.49315 
11.925 2.91497 4.35494 1.47499 
12 2.90212 4.34739 1.45684 
12.075 2.88926 4.33984 1.43868 
12.15 2.87641 4.33229 1.42052 
12.225 2.86356 4.32474 1.40237 
12.3 2.8507 4.31719 1.38421 
12.375 2.83785 4.30964 1.36605 
12.45 2.82499 4.30209 1.3479 
12.525 2.81214 4.29454 1.32974 
12.6 2.79929 4.28699 1.31158 
12.675 2.78643 4.27944 1.29343 
12.75 2.77358 4.27189 1.27527 
12.825 2.76073 4.26434 1.25711 
12.9 2.74787 4.25679 1.23896 
12.975 2.73502 4.24924 1.2208 
13.05 2.72217 4.24169 1.20264 
13.125 2.70931 4.23414 1.18449 
13.2 2.69646 4.22659 1.16633 
13.275 2.68361 4.21904 1.14817 
13.35 2.67075 4.21149 1.13002 
13.425 2.6579 4.20394 1.11186 
13.5 2.64505 4.19639 1.0937 
13.575 2.63219 4.18884 1.07554 
13.65 2.61934 4.18129 1.05739 
13.725 2.60649 4.17374 1.03923 
13.8 2.59363 4.16619 1.02107 
13.875 2.58078 4.15864 1.00292 
13.95 2.56793 4.15109 0.984761 
14.025 2.55507 4.14354 0.966604 
14.1 2.54222 4.13599 0.948448 
14.175 2.52937 4.12844 0.930291 
14.25 2.51651 4.12089 0.912134 
14.325 2.50366 4.11334 0.893977 
14.4 2.4908 4.10579 0.875821 
14.475 2.47795 4.09824 0.857664 
14.55 2.4651 4.09069 0.839507 
14.625 2.45224 4.08314 0.82135 
14.7 2.43939 4.07559 0.803194 
14.775 2.42654 4.06804 0.785037 
14.85 2.41368 4.06049 0.76688 
14.925 2.40083 4.05294 0.748723 
