0 	0 	1 	0 
0.018154 	0.018154 	0.99984 	0.018153 
0.036309 	0.036303 	0.99934 	0.036301 
0.054463 	0.054439 	0.99852 	0.054436 
0.072617 	0.072557 	0.99736 	0.072553 
0.090772 	0.090652 	0.99588 	0.090647 
0.10893 	0.10872 	0.99407 	0.10871 
0.12708 	0.12675 	0.99194 	0.12674 
0.14523 	0.14473 	0.98947 	0.14472 
0.16339 	0.16267 	0.98668 	0.16266 
0.18154 	0.18056 	0.98356 	0.18055 
0.1997 	0.19838 	0.98012 	0.19837 
0.21785 	0.21614 	0.97636 	0.21613 
0.23601 	0.23383 	0.97228 	0.23382 
0.25416 	0.25145 	0.96787 	0.25143 
0.27231 	0.26898 	0.96315 	0.26896 
0.29047 	0.28642 	0.95811 	0.2864 
0.30862 	0.30376 	0.95275 	0.30375 
0.32678 	0.32101 	0.94708 	0.32099 
0.34493 	0.33815 	0.94109 	0.33813 
0.36309 	0.35518 	0.9348 	0.35516 
0.38124 	0.37209 	0.9282 	0.37207 
0.39939 	0.38888 	0.92129 	0.38886 
0.41755 	0.40554 	0.91408 	0.40552 
0.4357 	0.42207 	0.90656 	0.42205 
0.45386 	0.43846 	0.89875 	0.43844 
0.47201 	0.4547 	0.89064 	0.45468 
0.49017 	0.4708 	0.88224 	0.47077 
0.50832 	0.48674 	0.87355 	0.48671 
0.52648 	0.50251 	0.86457 	0.50249 
0.54463 	0.51813 	0.8553 	0.5181 
0.56278 	0.53357 	0.84576 	0.53354 
0.58094 	0.54884 	0.83593 	0.54881 
0.59909 	0.56392 	0.82583 	0.56389 
0.61725 	0.57882 	0.81546 	0.57879 
0.6354 	0.59353 	0.80481 	0.5935 
0.65356 	0.60804 	0.79391 	0.60801 
0.67171 	0.62235 	0.78274 	0.62233 
0.68986 	0.63646 	0.77131 	0.63643 
0.70802 	0.65036 	0.75963 	0.65033 
0.72617 	0.66404 	0.7477 	0.66401 
0.74433 	0.67751 	0.73552 	0.67748 
0.76248 	0.69075 	0.7231 	0.69072 
0.78064 	0.70376 	0.71044 	0.70373 
0.79879 	0.71654 	0.69754 	0.71651 
0.81694 	0.72909 	0.68442 	0.72906 
0.8351 	0.74139 	0.67107 	0.74136 
0.85325 	0.75345 	0.6575 	0.75342 
0.87141 	0.76527 	0.64371 	0.76524 
0.88956 	0.77683 	0.62972 	0.7768 
0.90772 	0.78813 	0.61551 	0.7881 
0.92587 	0.79918 	0.6011 	0.79914 
0.94402 	0.80996 	0.58649 	0.80993 
0.96218 	0.82047 	0.57169 	0.82044 
0.98033 	0.83071 	0.5567 	0.83068 
0.99849 	0.84068 	0.54153 	0.84065 
1.0166 	0.85038 	0.52618 	0.85035 
1.0348 	0.85979 	0.51065 	0.85976 
1.053 	0.86892 	0.49496 	0.86889 
1.0711 	0.87776 	0.4791 	0.87773 
1.0893 	0.88631 	0.46309 	0.88628 
1.1074 	0.89457 	0.44692 	0.89455 
1.1256 	0.90254 	0.43061 	0.90251 
1.1437 	0.91021 	0.41415 	0.91018 
1.1619 	0.91758 	0.39756 	0.91755 
1.18 	0.92464 	0.38084 	0.92462 
1.1982 	0.9314 	0.36399 	0.93138 
1.2163 	0.93786 	0.34702 	0.93783 
1.2345 	0.944 	0.32994 	0.94398 
1.2526 	0.94984 	0.31274 	0.94982 
1.2708 	0.95536 	0.29545 	0.95534 
1.289 	0.96057 	0.27806 	0.96055 
1.3071 	0.96546 	0.26057 	0.96544 
1.3253 	0.97003 	0.243 	0.97001 
1.3434 	0.97428 	0.22535 	0.97426 
1.3616 	0.97821 	0.20763 	0.97819 
1.3797 	0.98182 	0.18983 	0.9818 
1.3979 	0.9851 	0.17198 	0.98509 
1.416 	0.98806 	0.15407 	0.98805 
1.4342 	0.9907 	0.1361 	0.99068 
1.4523 	0.993 	0.1181 	0.99299 
1.4705 	0.99498 	0.10005 	0.99497 
1.4887 	0.99664 	0.081969 	0.99663 
1.5068 	0.99796 	0.063862 	0.99795 
1.525 	0.99895 	0.045734 	0.99895 
1.5431 	0.99962 	0.027592 	0.99962 
1.5613 	0.99996 	0.0094395 	0.99995 
1.5794 	0.99996 	-0.0087155 	0.99996 
1.5976 	0.99964 	-0.026868 	0.99964 
1.6157 	0.99899 	-0.045011 	0.99899 
1.6339 	0.99801 	-0.06314 	0.99801 
1.652 	0.9967 	-0.081247 	0.9967 
1.6702 	0.99506 	-0.099328 	0.99506 
1.6884 	0.99309 	-0.11738 	0.9931 
1.7065 	0.99079 	-0.13539 	0.99081 
1.7247 	0.98817 	-0.15335 	0.98819 
1.7428 	0.98523 	-0.17127 	0.98524 
1.761 	0.98195 	-0.18912 	0.98197 
1.7791 	0.97836 	-0.20692 	0.97838 
1.7973 	0.97444 	-0.22465 	0.97446 
1.8154 	0.9702 	-0.2423 	0.97023 
1.8336 	0.96564 	-0.25987 	0.96567 
1.8517 	0.96077 	-0.27736 	0.96079 
1.8699 	0.95557 	-0.29476 	0.9556 
1.888 	0.95007 	-0.31206 	0.9501 
1.9062 	0.94424 	-0.32925 	0.94428 
1.9244 	0.93811 	-0.34634 	0.93815 
1.9425 	0.93167 	-0.36331 	0.93171 
1.9607 	0.92492 	-0.38017 	0.92496 
1.9788 	0.91787 	-0.3969 	0.91791 
1.997 	0.91051 	-0.41349 	0.91055 
2.0151 	0.90285 	-0.42996 	0.9029 
2.0333 	0.8949 	-0.44628 	0.89495 
2.0514 	0.88665 	-0.46245 	0.8867 
2.0696 	0.87811 	-0.47847 	0.87816 
2.0877 	0.86928 	-0.49433 	0.86933 
2.1059 	0.86016 	-0.51003 	0.86022 
2.1241 	0.85076 	-0.52556 	0.85082 
2.1422 	0.84108 	-0.54092 	0.84114 
2.1604 	0.83112 	-0.5561 	0.83118 
2.1785 	0.82088 	-0.5711 	0.82095 
2.1967 	0.81038 	-0.58591 	0.81045 
2.2148 	0.79961 	-0.60052 	0.79968 
2.233 	0.78858 	-0.61494 	0.78865 
2.2511 	0.77728 	-0.62915 	0.77736 
2.2693 	0.76573 	-0.64316 	0.76581 
2.2874 	0.75393 	-0.65696 	0.75401 
2.3056 	0.74188 	-0.67053 	0.74196 
2.3238 	0.72959 	-0.68389 	0.72967 
2.3419 	0.71705 	-0.69703 	0.71714 
2.3601 	0.70428 	-0.70993 	0.70437 
2.3782 	0.69127 	-0.7226 	0.69137 
2.3964 	0.67804 	-0.73503 	0.67814 
2.4145 	0.66459 	-0.74722 	0.66468 
2.4327 	0.65091 	-0.75916 	0.65101 
2.4508 	0.63702 	-0.77085 	0.63712 
2.469 	0.62292 	-0.78229 	0.62303 
2.4871 	0.60862 	-0.79347 	0.60872 
2.5053 	0.59411 	-0.80438 	0.59422 
2.5234 	0.57941 	-0.81504 	0.57952 
2.5416 	0.56452 	-0.82542 	0.56463 
2.5598 	0.54944 	-0.83553 	0.54956 
2.5779 	0.53418 	-0.84537 	0.5343 
2.5961 	0.51875 	-0.85493 	0.51887 
2.6142 	0.50314 	-0.86421 	0.50326 
2.6324 	0.48737 	-0.8732 	0.48749 
2.6505 	0.47144 	-0.8819 	0.47156 
2.6687 	0.45535 	-0.89032 	0.45548 
2.6868 	0.43911 	-0.89844 	0.43924 
2.705 	0.42273 	-0.90626 	0.42286 
2.7231 	0.40621 	-0.91378 	0.40634 
2.7413 	0.38955 	-0.92101 	0.38969 
2.7595 	0.37276 	-0.92793 	0.3729 
2.7776 	0.35586 	-0.93454 	0.356 
2.7958 	0.33883 	-0.94085 	0.33898 
2.8139 	0.3217 	-0.94685 	0.32184 
2.8321 	0.30445 	-0.95253 	0.3046 
2.8502 	0.28711 	-0.9579 	0.28726 
2.8684 	0.26967 	-0.96295 	0.26983 
2.8865 	0.25215 	-0.96769 	0.2523 
2.9047 	0.23454 	-0.97211 	0.23469 
2.9228 	0.21685 	-0.97621 	0.21701 
2.941 	0.19909 	-0.97998 	0.19925 
2.9592 	0.18127 	-0.98344 	0.18143 
2.9773 	0.16339 	-0.98656 	0.16355 
2.9955 	0.14545 	-0.98937 	0.14561 
3.0136 	0.12746 	-0.99185 	0.12763 
3.0318 	0.10944 	-0.994 	0.1096 
3.0499 	0.091374 	-0.99582 	0.09154 
3.0681 	0.07328 	-0.99731 	0.073448 
3.0862 	0.055163 	-0.99848 	0.055332 
3.1044 	0.037027 	-0.99932 	0.037197 
3.1225 	0.018879 	-0.99982 	0.01905 
3.1407 	0.00072464 	-1 	0.00089713 
3.1588 	-0.01743 	-0.99985 	-0.017256 
3.177 	-0.035579 	-0.99937 	-0.035404 
3.1952 	-0.053716 	-0.99856 	-0.05354 
3.2133 	-0.071835 	-0.99742 	-0.071659 
3.2315 	-0.08993 	-0.99595 	-0.089753 
3.2496 	-0.108 	-0.99415 	-0.10782 
3.2678 	-0.12603 	-0.99203 	-0.12585 
3.2859 	-0.14402 	-0.98958 	-0.14384 
3.3041 	-0.16196 	-0.9868 	-0.16178 
3.3222 	-0.17984 	-0.9837 	-0.17966 
3.3404 	-0.19767 	-0.98027 	-0.19749 
3.3585 	-0.21544 	-0.97652 	-0.21526 
3.3767 	-0.23313 	-0.97245 	-0.23295 
3.3949 	-0.25075 	-0.96806 	-0.25056 
3.413 	-0.26828 	-0.96334 	-0.2681 
3.4312 	-0.28572 	-0.95831 	-0.28554 
3.4493 	-0.30307 	-0.95297 	-0.30289 
3.4675 	-0.32032 	-0.94731 	-0.32014 
3.4856 	-0.33747 	-0.94134 	-0.33729 
3.5038 	-0.3545 	-0.93506 	-0.35432 
3.5219 	-0.37142 	-0.92847 	-0.37124 
3.5401 	-0.38821 	-0.92157 	-0.38803 
3.5582 	-0.40488 	-0.91437 	-0.4047 
3.5764 	-0.42141 	-0.90687 	-0.42123 
3.5946 	-0.43781 	-0.89907 	-0.43763 
3.6127 	-0.45406 	-0.89098 	-0.45388 
3.6309 	-0.47016 	-0.88259 	-0.46998 
3.649 	-0.4861 	-0.8739 	-0.48593 
3.6672 	-0.50189 	-0.86494 	-0.50171 
3.6853 	-0.51751 	-0.85568 	-0.51733 
3.7035 	-0.53296 	-0.84615 	-0.53278 
3.7216 	-0.54823 	-0.83633 	-0.54806 
3.7398 	-0.56332 	-0.82624 	-0.56315 
3.7579 	-0.57823 	-0.81588 	-0.57806 
3.7761 	-0.59295 	-0.80525 	-0.59278 
3.7943 	-0.60747 	-0.79435 	-0.6073 
3.8124 	-0.62179 	-0.78319 	-0.62162 
3.8306 	-0.6359 	-0.77177 	-0.63574 
3.8487 	-0.64981 	-0.7601 	-0.64965 
3.8669 	-0.6635 	-0.74818 	-0.66334 
3.885 	-0.67698 	-0.73601 	-0.67682 
3.9032 	-0.69023 	-0.7236 	-0.69007 
3.9213 	-0.70325 	-0.71095 	-0.70309 
3.9395 	-0.71604 	-0.69806 	-0.71589 
3.9576 	-0.72859 	-0.68495 	-0.72844 
3.9758 	-0.74091 	-0.67161 	-0.74076 
3.9939 	-0.75298 	-0.65805 	-0.75283 
4.0121 	-0.7648 	-0.64427 	-0.76466 
4.0303 	-0.77637 	-0.63028 	-0.77623 
4.0484 	-0.78769 	-0.61608 	-0.78755 
4.0666 	-0.79874 	-0.60168 	-0.7986 
4.0847 	-0.80953 	-0.58708 	-0.8094 
4.1029 	-0.82006 	-0.57229 	-0.81993 
4.121 	-0.83031 	-0.55731 	-0.83018 
4.1392 	-0.84029 	-0.54214 	-0.84017 
4.1573 	-0.85 	-0.5268 	-0.84987 
4.1755 	-0.85942 	-0.51128 	-0.8593 
4.1936 	-0.86856 	-0.49559 	-0.86844 
4.2118 	-0.87741 	-0.47974 	-0.8773 
4.23 	-0.88598 	-0.46373 	-0.88587 
4.2481 	-0.89425 	-0.44757 	-0.89414 
4.2663 	-0.90223 	-0.43126 	-0.90213 
4.2844 	-0.90991 	-0.41481 	-0.90981 
4.3026 	-0.91729 	-0.39823 	-0.91719 
4.3207 	-0.92437 	-0.38151 	-0.92428 
4.3389 	-0.93114 	-0.36466 	-0.93105 
4.357 	-0.93761 	-0.3477 	-0.93752 
4.3752 	-0.94377 	-0.33062 	-0.94368 
4.3933 	-0.94961 	-0.31343 	-0.94953 
4.4115 	-0.95515 	-0.29614 	-0.95507 
4.4297 	-0.96037 	-0.27875 	-0.9603 
4.4478 	-0.96527 	-0.26127 	-0.9652 
4.466 	-0.96985 	-0.24371 	-0.96979 
4.4841 	-0.97412 	-0.22606 	-0.97406 
4.5023 	-0.97806 	-0.20834 	-0.97801 
4.5204 	-0.98168 	-0.19055 	-0.98163 
4.5386 	-0.98498 	-0.17269 	-0.98493 
4.5567 	-0.98795 	-0.15478 	-0.98791 
4.5749 	-0.9906 	-0.13682 	-0.99056 
4.593 	-0.99292 	-0.11882 	-0.99289 
4.6112 	-0.99491 	-0.10077 	-0.99488 
4.6293 	-0.99658 	-0.082692 	-0.99655 
4.6475 	-0.99792 	-0.064587 	-0.9979 
4.6657 	-0.99892 	-0.04646 	-0.99891 
4.6838 	-0.9996 	-0.028317 	-0.99959 
4.702 	-0.99995 	-0.010165 	-0.99995 
4.7201 	-0.99997 	0.0079897 	-0.99997 
4.7383 	-0.99966 	0.026142 	-0.99967 
4.7564 	-0.99902 	0.044286 	-0.99903 
4.7746 	-0.99805 	0.062415 	-0.99807 
4.7927 	-0.99676 	0.080524 	-0.99677 
4.8109 	-0.99513 	0.098606 	-0.99515 
4.829 	-0.99318 	0.11666 	-0.9932 
4.8472 	-0.99089 	0.13467 	-0.99093 
4.8654 	-0.98829 	0.15263 	-0.98832 
4.8835 	-0.98535 	0.17055 	-0.98539 
4.9017 	-0.98209 	0.18841 	-0.98214 
4.9198 	-0.97851 	0.20621 	-0.97856 
4.938 	-0.97461 	0.22394 	-0.97466 
4.9561 	-0.97038 	0.2416 	-0.97044 
4.9743 	-0.96584 	0.25917 	-0.9659 
4.9924 	-0.96097 	0.27666 	-0.96104 
5.0106 	-0.95579 	0.29406 	-0.95587 
5.0287 	-0.95029 	0.31137 	-0.95038 
5.0469 	-0.94448 	0.32857 	-0.94457 
5.0651 	-0.93836 	0.34566 	-0.93846 
5.0832 	-0.93193 	0.36264 	-0.93203 
5.1014 	-0.9252 	0.3795 	-0.9253 
5.1195 	-0.91816 	0.39623 	-0.91826 
5.1377 	-0.91081 	0.41283 	-0.91092 
5.1558 	-0.90317 	0.4293 	-0.90328 
5.174 	-0.89522 	0.44563 	-0.89535 
5.1921 	-0.88699 	0.46181 	-0.88711 
5.2103 	-0.87846 	0.47783 	-0.87859 
5.2284 	-0.86964 	0.4937 	-0.86977 
5.2466 	-0.86053 	0.50941 	-0.86067 
5.2647 	-0.85114 	0.52495 	-0.85129 
5.2829 	-0.84147 	0.54031 	-0.84162 
5.3011 	-0.83152 	0.5555 	-0.83168 
5.3192 	-0.8213 	0.5705 	-0.82146 
5.3374 	-0.81081 	0.58532 	-0.81098 
5.3555 	-0.80005 	0.59994 	-0.80022 
5.3737 	-0.78903 	0.61437 	-0.7892 
5.3918 	-0.77774 	0.62859 	-0.77793 
5.41 	-0.7662 	0.64261 	-0.76639 
5.4281 	-0.75441 	0.65641 	-0.7546 
5.4463 	-0.74237 	0.67 	-0.74257 
5.4644 	-0.73008 	0.68336 	-0.73029 
5.4826 	-0.71756 	0.69651 	-0.71776 
5.5008 	-0.70479 	0.70942 	-0.70501 
5.5189 	-0.6918 	0.7221 	-0.69202 
5.5371 	-0.67858 	0.73454 	-0.6788 
5.5552 	-0.66513 	0.74673 	-0.66535 
5.5734 	-0.65146 	0.75869 	-0.65169 
5.5915 	-0.63758 	0.77039 	-0.63782 
5.6097 	-0.62349 	0.78184 	-0.62373 
5.6278 	-0.6092 	0.79303 	-0.60944 
5.646 	-0.5947 	0.80395 	-0.59494 
5.6641 	-0.58 	0.81462 	-0.58026 
5.6823 	-0.56512 	0.82501 	-0.56538 
5.7005 	-0.55005 	0.83514 	-0.55031 
5.7186 	-0.5348 	0.84499 	-0.53506 
5.7368 	-0.51937 	0.85455 	-0.51964 
5.7549 	-0.50377 	0.86384 	-0.50404 
5.7731 	-0.488 	0.87285 	-0.48828 
5.7912 	-0.47208 	0.88156 	-0.47236 
5.8094 	-0.456 	0.88999 	-0.45628 
5.8275 	-0.43976 	0.89812 	-0.44005 
5.8457 	-0.42339 	0.90595 	-0.42368 
5.8638 	-0.40687 	0.91349 	-0.40716 
5.882 	-0.39022 	0.92073 	-0.39052 
5.9001 	-0.37344 	0.92766 	-0.37374 
5.9183 	-0.35654 	0.93429 	-0.35684 
5.9365 	-0.33952 	0.9406 	-0.33982 
5.9546 	-0.32239 	0.94661 	-0.32269 
5.9728 	-0.30515 	0.95231 	-0.30546 
5.9909 	-0.28781 	0.95769 	-0.28812 
6.0091 	-0.27037 	0.96276 	-0.27069 
6.0272 	-0.25285 	0.96751 	-0.25317 
6.0454 	-0.23525 	0.97194 	-0.23557 
6.0635 	-0.21756 	0.97605 	-0.21789 
6.0817 	-0.19981 	0.97984 	-0.20013 
6.0998 	-0.18199 	0.98331 	-0.18231 
6.118 	-0.1641 	0.98645 	-0.16444 
6.1362 	-0.14617 	0.98926 	-0.1465 
6.1543 	-0.12819 	0.99175 	-0.12852 
6.1725 	-0.11016 	0.99392 	-0.1105 
6.1906 	-0.092098 	0.99575 	-0.092436 
6.2088 	-0.074005 	0.99726 	-0.074345 
6.2269 	-0.055889 	0.99844 	-0.05623 
6.2451 	-0.037753 	0.99929 	-0.038096 
6.2632 	-0.019606 	0.99981 	-0.01995 
6.2814 	-0.0014517 	1 	-0.0017967 
6.2995 	0.016703 	0.99987 	0.016357 
6.3177 	0.034852 	0.9994 	0.034505 
6.3359 	0.05299 	0.9986 	0.052642 
6.354 	0.07111 	0.99747 	0.070761 
6.3722 	0.089206 	0.99602 	0.088857 
6.3903 	0.10727 	0.99423 	0.10692 
6.4085 	0.12531 	0.99212 	0.12496 
6.4266 	0.1433 	0.98968 	0.14295 
6.4448 	0.16124 	0.98692 	0.16089 
6.4629 	0.17913 	0.98383 	0.17878 
6.4811 	0.19696 	0.98042 	0.19661 
6.4992 	0.21473 	0.97668 	0.21438 
6.5174 	0.23242 	0.97262 	0.23207 
6.5355 	0.25004 	0.96824 	0.24969 
6.5537 	0.26758 	0.96354 	0.26723 
6.5719 	0.28503 	0.95852 	0.28468 
6.59 	0.30238 	0.95319 	0.30203 
6.6082 	0.31964 	0.94755 	0.31929 
6.6263 	0.33679 	0.94159 	0.33644 
6.6445 	0.35382 	0.93532 	0.35348 
6.6626 	0.37075 	0.92874 	0.3704 
6.6808 	0.38754 	0.92186 	0.3872 
6.6989 	0.40422 	0.91467 	0.40388 
6.7171 	0.42076 	0.90718 	0.42042 
6.7352 	0.43715 	0.89939 	0.43682 
6.7534 	0.45341 	0.89131 	0.45308 
6.7716 	0.46952 	0.88293 	0.46919 
6.7897 	0.48547 	0.87426 	0.48514 
6.8079 	0.50126 	0.8653 	0.50093 
6.826 	0.51689 	0.85606 	0.51656 
6.8442 	0.53234 	0.84654 	0.53202 
6.8623 	0.54762 	0.83673 	0.5473 
6.8805 	0.56272 	0.82665 	0.56241 
6.8986 	0.57764 	0.8163 	0.57733 
6.9168 	0.59236 	0.80568 	0.59205 
6.9349 	0.60689 	0.79479 	0.60658 
6.9531 	0.62122 	0.78364 	0.62092 
6.9713 	0.63534 	0.77224 	0.63504 
6.9894 	0.64926 	0.76057 	0.64896 
7.0076 	0.66296 	0.74866 	0.66267 
7.0257 	0.67644 	0.7365 	0.67615 
7.0439 	0.6897 	0.7241 	0.68942 
7.062 	0.70273 	0.71146 	0.70245 
7.0802 	0.71553 	0.69859 	0.71526 
7.0983 	0.7281 	0.68548 	0.72783 
7.1165 	0.74042 	0.67215 	0.74015 
7.1346 	0.7525 	0.6586 	0.75224 
7.1528 	0.76433 	0.64483 	0.76408 
7.1709 	0.77591 	0.63085 	0.77566 
7.1891 	0.78724 	0.61666 	0.78699 
7.2073 	0.7983 	0.60226 	0.79806 
7.2254 	0.80911 	0.58767 	0.80887 
7.2436 	0.81964 	0.57289 	0.81941 
7.2617 	0.82991 	0.55791 	0.82968 
7.2799 	0.8399 	0.54275 	0.83968 
7.298 	0.84961 	0.52742 	0.8494 
7.3162 	0.85905 	0.5119 	0.85884 
7.3343 	0.8682 	0.49622 	0.868 
7.3525 	0.87707 	0.48038 	0.87687 
7.3706 	0.88564 	0.46438 	0.88545 
7.3888 	0.89393 	0.44822 	0.89374 
7.407 	0.90192 	0.43192 	0.90174 
7.4251 	0.90961 	0.41548 	0.90943 
7.4433 	0.917 	0.3989 	0.91683 
7.4614 	0.92409 	0.38218 	0.92393 
7.4796 	0.93088 	0.36534 	0.93072 
7.4977 	0.93736 	0.34838 	0.93721 
7.5159 	0.94353 	0.33131 	0.94339 
7.534 	0.94939 	0.31413 	0.94925 
7.5522 	0.95493 	0.29684 	0.95481 
7.5703 	0.96017 	0.27945 	0.96004 
7.5885 	0.96508 	0.26198 	0.96497 
7.6067 	0.96968 	0.24441 	0.96957 
7.6248 	0.97395 	0.22677 	0.97385 
7.643 	0.97791 	0.20905 	0.97782 
7.6611 	0.98154 	0.19126 	0.98146 
7.6793 	0.98486 	0.17341 	0.98478 
7.6974 	0.98784 	0.1555 	0.98777 
7.7156 	0.9905 	0.13754 	0.99044 
7.7337 	0.99284 	0.11954 	0.99278 
7.7519 	0.99484 	0.1015 	0.99479 
7.77 	0.99652 	0.083418 	0.99648 
7.7882 	0.99787 	0.065313 	0.99784 
7.8063 	0.99889 	0.047187 	0.99887 
7.8245 	0.99958 	0.029045 	0.99957 
7.8427 	0.99995 	0.010894 	0.99994 
7.8608 	0.99998 	-0.0072615 	0.99998 
7.879 	0.99968 	-0.025414 	0.99969 
7.8971 	0.99906 	-0.043559 	0.99907 
7.9153 	0.9981 	-0.061689 	0.99812 
7.9334 	0.99682 	-0.079798 	0.99685 
7.9516 	0.9952 	-0.097882 	0.99524 
7.9697 	0.99326 	-0.11593 	0.99331 
7.9879 	0.99099 	-0.13395 	0.99105 
8.006 	0.9884 	-0.15191 	0.98846 
8.0242 	0.98548 	-0.16983 	0.98555 
8.0424 	0.98223 	-0.1877 	0.98231 
8.0605 	0.97866 	-0.2055 	0.97875 
8.0787 	0.97477 	-0.22323 	0.97487 
8.0968 	0.97056 	-0.24089 	0.97066 
8.115 	0.96603 	-0.25847 	0.96614 
8.1331 	0.96117 	-0.27596 	0.96129 
8.1513 	0.95601 	-0.29337 	0.95613 
8.1694 	0.95052 	-0.31068 	0.95066 
8.1876 	0.94473 	-0.32788 	0.94487 
8.2057 	0.93862 	-0.34498 	0.93877 
8.2239 	0.9322 	-0.36196 	0.93236 
8.2421 	0.92548 	-0.37882 	0.92564 
8.2602 	0.91845 	-0.39556 	0.91862 
8.2784 	0.91111 	-0.41217 	0.91129 
8.2965 	0.90348 	-0.42864 	0.90367 
8.3147 	0.89555 	-0.44498 	0.89575 
8.3328 	0.88732 	-0.46116 	0.88753 
8.351 	0.87881 	-0.47719 	0.87902 
8.3691 	0.87 	-0.49307 	0.87022 
8.3873 	0.8609 	-0.50878 	0.86113 
8.4054 	0.85152 	-0.52433 	0.85176 
8.4236 	0.84187 	-0.5397 	0.84211 
8.4417 	0.83193 	-0.55489 	0.83218 
8.4599 	0.82172 	-0.5699 	0.82198 
8.4781 	0.81124 	-0.58473 	0.8115 
8.4962 	0.80049 	-0.59936 	0.80076 
8.5144 	0.78948 	-0.61379 	0.78976 
8.5325 	0.77822 	-0.62801 	0.77851 
8.5506 	0.7667 	-0.64201 	0.767 
8.5687 	0.75494 	-0.6558 	0.75525 
8.5869 	0.74294 	-0.66937 	0.74325 
8.605 	0.7307 	-0.6827 	0.73102 
8.6231 	0.71823 	-0.69581 	0.71856 
8.6411 	0.70553 	-0.70869 	0.70586 
8.6592 	0.69261 	-0.72132 	0.69295 
8.6773 	0.67947 	-0.73371 	0.67981 
8.6953 	0.66611 	-0.74586 	0.66646 
8.7134 	0.65255 	-0.75776 	0.65291 
8.7314 	0.63878 	-0.7694 	0.63914 
8.7494 	0.62481 	-0.78079 	0.62518 
8.7674 	0.61065 	-0.79191 	0.61103 
8.7854 	0.5963 	-0.80277 	0.59668 
8.8043 	0.581 	-0.81391 	0.58139 
8.8233 	0.5655 	-0.82475 	0.5659 
8.8421 	0.54983 	-0.83529 	0.55023 
8.861 	0.53397 	-0.84551 	0.53438 
8.8798 	0.51795 	-0.85542 	0.51836 
8.8987 	0.50176 	-0.86501 	0.50218 
8.9174 	0.48542 	-0.87429 	0.48585 
8.9362 	0.46893 	-0.88324 	0.46936 
8.9549 	0.4523 	-0.89187 	0.45273 
8.9737 	0.43553 	-0.90018 	0.43597 
8.9923 	0.41864 	-0.90816 	0.41908 
9.011 	0.40163 	-0.91581 	0.40208 
9.0296 	0.3845 	-0.92313 	0.38496 
9.0482 	0.36728 	-0.93012 	0.36774 
9.0668 	0.34995 	-0.93677 	0.35042 
9.0853 	0.33254 	-0.9431 	0.33301 
9.1038 	0.31505 	-0.94908 	0.31553 
9.1222 	0.29749 	-0.95473 	0.29797 
9.1406 	0.27987 	-0.96005 	0.28035 
9.159 	0.26219 	-0.96502 	0.26268 
9.1773 	0.24447 	-0.96966 	0.24496 
9.1956 	0.22672 	-0.97397 	0.22721 
9.2138 	0.20894 	-0.97794 	0.20943 
9.2319 	0.19114 	-0.98157 	0.19164 
9.25 	0.17335 	-0.98487 	0.17385 
9.2681 	0.15556 	-0.98783 	0.15606 
9.287 	0.13688 	-0.9906 	0.13738 
9.3057 	0.11829 	-0.99299 	0.11879 
9.3243 	0.099816 	-0.99501 	0.10033 
9.3427 	0.081498 	-0.99668 	0.08201 
9.3608 	0.063373 	-0.998 	0.063887 
9.3796 	0.044608 	-0.99901 	0.045124 
9.3978 	0.026441 	-0.99966 	0.026958 
9.4164 	0.0078275 	-0.99998 	0.0083461 
